1 0.740079 0.826141 0.085317 0.134425
0 0.460648 0.786954 0.163360 0.150298
1 0.666005 0.667535 0.055556 0.091518
1 0.211640 0.648934 0.052249 0.070685
1 0.231812 0.685640 0.056878 0.096478
1 0.460979 0.658978 0.050265 0.085813
1 0.339120 0.664435 0.053241 0.085813
1 0.285714 0.644841 0.050926 0.084821
1 0.434358 0.615327 0.045966 0.075397
1 0.630126 0.595486 0.040675 0.063988
1 0.616733 0.563616 0.039021 0.061260
1 0.570602 0.532862 0.036045 0.052827
1 0.462963 0.528646 0.027778 0.052827
1 0.427745 0.457341 0.022156 0.032738
1 0.487599 0.517981 0.024140 0.050843
3 0.366071 0.539807 0.133598 0.135169
0 0.518188 0.560392 0.082672 0.067708
0 0.626653 0.487971 0.062831 0.048363
0 0.556548 0.510417 0.074074 0.052083
0 0.529431 0.484251 0.062831 0.043899
0 0.588790 0.444940 0.053241 0.035218
0 0.607474 0.457837 0.052249 0.031250
0 0.470403 0.452629 0.047950 0.032738
0 0.532242 0.415179 0.037368 0.030258
0 0.414683 0.436756 0.048942 0.037202
0 0.459987 0.433408 0.039021 0.025546
1 0.454696 0.483631 0.029101 0.036210
1 0.485450 0.478051 0.024471 0.037450
1 0.539352 0.444568 0.021164 0.026538
1 0.520007 0.447173 0.021495 0.022321
1 0.507110 0.458457 0.020172 0.034970
