0 0.609954 0.752232 0.149140 0.147321
0 0.372024 0.653894 0.140873 0.132192
0 0.401124 0.510665 0.084656 0.091270
0 0.540675 0.552331 0.099206 0.070933
0 0.623677 0.502232 0.074735 0.055060
0 0.632937 0.463046 0.065476 0.048115
0 0.594742 0.446925 0.061839 0.044147
0 0.532903 0.476438 0.059854 0.064484
0 0.506779 0.466270 0.061177 0.043155
0 0.490079 0.443948 0.045635 0.035218
0 0.427414 0.438492 0.061177 0.035218
0 0.428571 0.462798 0.054894 0.037202
0 0.458664 0.422123 0.045635 0.032738
0 0.515212 0.403894 0.039683 0.024058
0 0.499339 0.374380 0.028439 0.021081
0 0.522983 0.365823 0.022817 0.014385
3 0.474041 0.379836 0.045966 0.036954
1 0.495701 0.910342 0.098545 0.120288
1 0.543981 0.655630 0.057540 0.090526
1 0.551091 0.503968 0.032077 0.039683
1 0.572421 0.524058 0.033730 0.051587
1 0.457176 0.494172 0.034061 0.050347
1 0.578704 0.409598 0.017196 0.024058
1 0.431052 0.403894 0.022156 0.027034
1 0.382606 0.420511 0.017196 0.026042
1 0.404597 0.420635 0.016204 0.024802
1 0.414848 0.390749 0.016865 0.026042
1 0.435847 0.385541 0.012566 0.021081
1 0.550926 0.403026 0.015873 0.023313
1 0.437169 0.364459 0.008598 0.013145
1 0.487269 0.409350 0.012897 0.024554
1 0.474206 0.403894 0.012566 0.025546
