1 0.689815 0.469990 0.021164 0.028274
1 0.195933 0.642485 0.102844 0.100446
1 0.190476 0.567212 0.089947 0.071925
1 0.418651 0.521453 0.043651 0.052827
1 0.440146 0.546131 0.062169 0.060020
1 0.572586 0.515005 0.040675 0.040923
1 0.610780 0.489335 0.029762 0.036210
1 0.671131 0.535218 0.032738 0.054067
1 0.654431 0.502356 0.034392 0.041915
1 0.707672 0.510417 0.029762 0.043651
1 0.729828 0.490575 0.020503 0.035218
1 0.795470 0.466394 0.017526 0.028522
1 0.850694 0.474578 0.018188 0.028026
1 0.888393 0.472842 0.023479 0.028522
1 0.917659 0.474082 0.021825 0.026538
1 0.938988 0.468006 0.015542 0.022817
0 0.809854 0.490823 0.070767 0.035714
0 0.854001 0.462674 0.048611 0.025546
0 0.938988 0.437004 0.031415 0.018353
0 0.304894 0.576885 0.193783 0.088294
