0 0.127149 0.609995 0.220569 0.108383
0 0.180556 0.673239 0.242725 0.122272
0 0.379960 0.550471 0.131614 0.057788
0 0.449074 0.574281 0.133598 0.064236
0 0.619874 0.505704 0.101521 0.049603
0 0.766700 0.495040 0.061839 0.028770
0 0.804233 0.476811 0.052249 0.025546
0 0.878638 0.480035 0.059524 0.027530
0 0.867560 0.518105 0.061177 0.044147
1 0.518022 0.585441 0.053902 0.063244
1 0.622685 0.583457 0.048942 0.067212
1 0.516204 0.537698 0.040344 0.043155
1 0.688161 0.541667 0.035053 0.045139
1 0.632440 0.540675 0.038690 0.045635
1 0.902447 0.549107 0.046958 0.050595
1 0.836640 0.533234 0.031085 0.043651
1 0.697586 0.495784 0.021495 0.029762
1 0.765046 0.509673 0.024802 0.036706
1 0.800595 0.504712 0.023810 0.031746
1 0.944114 0.480779 0.013889 0.025546
1 0.823247 0.482391 0.014881 0.024306
1 0.846065 0.474826 0.017526 0.023562
1 0.924769 0.478919 0.018188 0.021329
1 0.901951 0.499876 0.014881 0.027034
1 0.888062 0.504712 0.019511 0.027282
