1 0.201224 0.699157 0.095569 0.137401
1 0.336475 0.697173 0.098214 0.121032
1 0.288029 0.623140 0.078042 0.086062
1 0.133267 0.629464 0.097222 0.090774
1 0.397487 0.625372 0.064153 0.082589
1 0.508433 0.587798 0.040013 0.060516
1 0.250496 0.598834 0.053241 0.070685
1 0.270668 0.575149 0.048611 0.049603
1 0.351852 0.557540 0.038360 0.049603
1 0.382606 0.567212 0.041005 0.048115
1 0.415179 0.576513 0.039352 0.054812
1 0.383102 0.544519 0.032738 0.038938
1 0.550595 0.570809 0.030423 0.047371
1 0.446594 0.558408 0.034061 0.044891
1 0.482308 0.545883 0.028770 0.040675
1 0.633433 0.541047 0.021495 0.031994
1 0.716766 0.532614 0.030093 0.030506
1 0.538360 0.538566 0.019180 0.030506
1 0.557540 0.527654 0.016534 0.020089
0 0.563492 0.521205 0.048280 0.032490
0 0.374504 0.529638 0.084325 0.027034
0 0.671958 0.520213 0.031746 0.027530
0 0.593915 0.515005 0.025132 0.021577
0 0.649306 0.510417 0.029431 0.025298
0 0.703704 0.511285 0.023148 0.017609
3 0.670800 0.494544 0.038029 0.022321
3 0.751488 0.495288 0.026786 0.018849
0 0.760582 0.506696 0.024471 0.011905
0 0.490079 0.823537 0.439153 0.233879
0 0.635086 0.697917 0.305225 0.119048
