1 0.123347 0.524554 0.051587 0.070933
1 0.210813 0.573041 0.060516 0.089534
1 0.748843 0.510789 0.043981 0.061756
1 0.803241 0.463046 0.024471 0.049603
0 0.405258 0.454117 0.084987 0.061508
0 0.521991 0.407738 0.049934 0.039187
1 0.454696 0.397321 0.014550 0.027778
1 0.445271 0.375496 0.014220 0.022817
1 0.566468 0.386409 0.013889 0.027778
1 0.577050 0.361111 0.010582 0.022321
1 0.698743 0.386285 0.018519 0.030506
1 0.657738 0.366319 0.013889 0.020833
1 0.532077 0.354787 0.010582 0.018105
1 0.560351 0.344618 0.007606 0.015625
1 0.535384 0.343998 0.007275 0.014385
1 0.512566 0.342262 0.007937 0.013889
1 0.449901 0.351190 0.008267 0.016865
1 0.439484 0.343130 0.006614 0.013641
1 0.501323 0.324281 0.005291 0.009673
1 0.509590 0.328001 0.005291 0.011161
1 0.544974 0.329613 0.006614 0.011409
1 0.554233 0.325893 0.005952 0.008433
1 0.562335 0.333705 0.006283 0.011657
0 0.490079 0.355531 0.025132 0.018105
0 0.474868 0.326265 0.019180 0.022073
0 0.495370 0.316096 0.011905 0.013145
0 0.528604 0.325397 0.015542 0.010913
3 0.521495 0.317956 0.019841 0.018849
0 0.548942 0.316096 0.008598 0.008681
0 0.786706 0.425595 0.135582 0.043155
