0 0.356481 0.514509 0.124339 0.093006
0 0.520172 0.440352 0.067460 0.052331
1 0.433862 0.423239 0.021825 0.038938
1 0.429894 0.388269 0.015873 0.027034
1 0.580192 0.413690 0.017526 0.035218
1 0.701720 0.389757 0.015873 0.030010
1 0.656911 0.367808 0.011574 0.019345
1 0.588294 0.367684 0.013889 0.022073
1 0.532077 0.364583 0.015212 0.020337
1 0.435351 0.362103 0.011574 0.018353
1 0.431217 0.346974 0.011905 0.013889
1 0.512401 0.348090 0.010251 0.016617
1 0.535880 0.350694 0.010251 0.014385
1 0.563823 0.352431 0.011243 0.019841
1 0.566303 0.339162 0.008929 0.016121
1 0.537037 0.339162 0.007937 0.013145
1 0.550761 0.333209 0.006944 0.014137
1 0.511739 0.330853 0.006283 0.012401
1 0.501819 0.325397 0.006944 0.009921
0 0.483962 0.363591 0.029431 0.021329
0 0.470734 0.328621 0.021495 0.022321
0 0.530754 0.327629 0.017196 0.012401
3 0.518022 0.318576 0.017526 0.018601
0 0.492394 0.316468 0.011905 0.011409
1 0.559524 0.321553 0.005291 0.008185
