1 0.514220 0.655630 0.063492 0.113343
1 0.707341 0.450273 0.027778 0.048859
3 0.600033 0.486483 0.169643 0.160466
1 0.671296 0.378100 0.017857 0.028522
1 0.607143 0.390997 0.017857 0.029018
0 0.582011 0.406498 0.060847 0.036706
1 0.453208 0.400050 0.020172 0.037698
1 0.412698 0.383061 0.016534 0.031498
0 0.348049 0.374628 0.061839 0.055804
1 0.625661 0.354663 0.012566 0.020833
0 0.401786 0.345486 0.030423 0.031746
1 0.377646 0.333705 0.007937 0.016617
1 0.455522 0.353919 0.010913 0.021329
0 0.518022 0.358011 0.028770 0.022073
0 0.495701 0.345734 0.020503 0.019345
0 0.535714 0.337054 0.018519 0.020337
1 0.455357 0.342262 0.008598 0.013889
1 0.473710 0.340650 0.010251 0.017113
1 0.463790 0.334697 0.008267 0.015129
1 0.490245 0.332341 0.010913 0.011409
1 0.521164 0.328373 0.006614 0.014385
0 0.499339 0.318576 0.014550 0.013641
0 0.438161 0.324405 0.017196 0.012897
1 0.431052 0.327629 0.007606 0.013393
0 0.478009 0.317212 0.016865 0.012401
3 0.461971 0.306052 0.018519 0.020833
3 0.527116 0.305060 0.017857 0.015377
3 0.501488 0.296007 0.016204 0.012153
0 0.506448 0.309524 0.014881 0.009921
