0 0.707837 0.600322 0.142526 0.129216
0 0.337963 0.640749 0.148148 0.137153
0 0.283069 0.482887 0.104497 0.071925
0 0.400628 0.399306 0.047288 0.037698
1 0.244874 0.594122 0.050595 0.093998
1 0.208499 0.467262 0.031415 0.053075
1 0.517692 0.538070 0.035384 0.075149
1 0.376653 0.521205 0.040344 0.079613
1 0.506944 0.451141 0.028439 0.049603
1 0.449239 0.442212 0.026124 0.047619
1 0.600694 0.415055 0.020172 0.036954
1 0.667163 0.378968 0.016204 0.030258
1 0.626653 0.357639 0.012566 0.021329
1 0.605655 0.391369 0.014220 0.025794
1 0.594742 0.377976 0.015542 0.030258
1 0.554894 0.380208 0.014550 0.030258
1 0.484292 0.381448 0.015542 0.030258
1 0.512070 0.376736 0.017526 0.025794
1 0.366733 0.382812 0.018519 0.029018
1 0.353009 0.366071 0.013558 0.022321
1 0.396495 0.367684 0.015212 0.023562
1 0.559689 0.350322 0.012897 0.020089
1 0.480985 0.343254 0.008929 0.019345
0 0.453704 0.347594 0.026455 0.019097
3 0.406085 0.333953 0.044312 0.035962
3 0.513724 0.338542 0.032077 0.035218
0 0.441634 0.329861 0.023479 0.013889
1 0.464947 0.324653 0.005291 0.008433
0 0.507275 0.314608 0.017857 0.013641
3 0.493056 0.309524 0.021825 0.019345
1 0.535218 0.331721 0.007606 0.016617
0 0.448743 0.317212 0.013228 0.010417
0 0.466435 0.322545 0.018849 0.012153
0 0.521660 0.305680 0.010251 0.007688
1 0.467758 0.313616 0.006944 0.005704
