1 0.737269 0.725570 0.073082 0.121280
1 0.224702 0.621900 0.053902 0.083581
1 0.356151 0.548115 0.038360 0.066468
1 0.526786 0.546751 0.041667 0.058780
0 0.429398 0.603671 0.086971 0.127976
0 0.742725 0.504464 0.107804 0.049603
1 0.536541 0.500620 0.024802 0.043403
1 0.552910 0.480283 0.019180 0.034474
1 0.571429 0.468750 0.017196 0.032242
1 0.657242 0.447545 0.014881 0.027034
1 0.616898 0.426959 0.014220 0.018105
1 0.598214 0.423487 0.013228 0.018105
1 0.306217 0.455109 0.014550 0.027282
3 0.367725 0.466022 0.090608 0.085813
1 0.491898 0.458581 0.014220 0.033234
1 0.530258 0.454117 0.015542 0.030754
1 0.561839 0.443948 0.013228 0.024306
1 0.566799 0.428323 0.013889 0.019345
1 0.540013 0.427579 0.011905 0.022321
1 0.517196 0.417907 0.008598 0.017857
0 0.451389 0.431672 0.034392 0.024058
1 0.396164 0.415055 0.009921 0.014633
1 0.370040 0.407366 0.011243 0.018601
1 0.484127 0.414187 0.005291 0.014385
1 0.522652 0.404266 0.008267 0.013889
1 0.494213 0.408482 0.008267 0.014881
1 0.479497 0.406250 0.008598 0.013889
1 0.472388 0.402406 0.008929 0.015625
3 0.441468 0.404266 0.036376 0.037698
0 0.513724 0.392733 0.014881 0.012649
0 0.491071 0.395213 0.015873 0.011161
0 0.448909 0.379836 0.014881 0.013641
3 0.491898 0.374628 0.015542 0.017609
1 0.467758 0.390129 0.004960 0.009425
0 0.467923 0.377356 0.012566 0.009673
