3 0.552910 0.613963 0.181217 0.234871
3 0.603340 0.503100 0.020833 0.044891
1 0.624173 0.470610 0.014881 0.031994
1 0.654266 0.450397 0.014881 0.027282
1 0.615079 0.428199 0.011243 0.019097
1 0.596726 0.424355 0.012897 0.020337
1 0.576389 0.440724 0.013228 0.024306
1 0.534061 0.427083 0.011243 0.019841
1 0.363095 0.526662 0.021164 0.053323
1 0.297950 0.502852 0.021164 0.044891
1 0.410880 0.450645 0.012897 0.028274
0 0.491567 0.457589 0.037368 0.031250
0 0.299769 0.454861 0.071098 0.054067
0 0.423280 0.422247 0.035714 0.026042
1 0.366898 0.405878 0.009590 0.017113
1 0.473049 0.432044 0.009590 0.022321
0 0.492394 0.413070 0.027116 0.023562
1 0.440807 0.403770 0.009259 0.016865
0 0.426257 0.389385 0.016534 0.012401
0 0.443783 0.391865 0.016534 0.014881
3 0.490079 0.393229 0.028439 0.027034
1 0.464616 0.389261 0.004630 0.010169
1 0.510582 0.382316 0.005952 0.009673
3 0.458829 0.371528 0.014881 0.012897
