1 0.145999 0.606771 0.049934 0.083581
1 0.663194 0.595734 0.040675 0.071925
1 0.648479 0.450397 0.013889 0.027282
1 0.621858 0.437252 0.015542 0.022817
1 0.570933 0.476066 0.016865 0.034474
1 0.510086 0.486607 0.016865 0.037698
1 0.553406 0.447669 0.014881 0.026786
1 0.476687 0.465526 0.019511 0.030754
1 0.429398 0.474702 0.016865 0.024306
0 0.175595 0.536706 0.120370 0.066468
0 0.361111 0.477431 0.061508 0.052083
3 0.427910 0.582713 0.154101 0.201141
1 0.352513 0.434524 0.015212 0.025298
1 0.420966 0.437128 0.011243 0.025050
1 0.463459 0.428075 0.010913 0.020833
1 0.529597 0.415551 0.011574 0.017609
0 0.483631 0.437996 0.037368 0.033730
1 0.400959 0.420015 0.010913 0.016617
1 0.422950 0.409474 0.009259 0.014881
1 0.373512 0.419767 0.010913 0.019097
0 0.415840 0.428447 0.038029 0.024058
0 0.479167 0.406746 0.019841 0.016865
1 0.508102 0.406126 0.008267 0.015129
0 0.404266 0.403894 0.023479 0.018601
0 0.429894 0.395709 0.019180 0.013145
3 0.451885 0.379092 0.019511 0.018105
0 0.484788 0.381200 0.011243 0.008929
0 0.466766 0.381324 0.010913 0.010169
1 0.454365 0.392113 0.007275 0.011409
