0 0.183036 0.678695 0.175595 0.139633
1 0.622520 0.708581 0.059193 0.124008
1 0.409392 0.610739 0.043651 0.082093
1 0.089947 0.551339 0.041667 0.070437
1 0.782573 0.536334 0.045304 0.061260
0 0.277447 0.503596 0.119709 0.096974
0 0.406746 0.525918 0.088624 0.068700
1 0.602844 0.509549 0.032407 0.049851
1 0.502976 0.493800 0.026455 0.047123
1 0.549107 0.487847 0.021495 0.042163
1 0.650463 0.437500 0.016534 0.030258
1 0.626653 0.425843 0.015212 0.021329
1 0.614914 0.419519 0.016204 0.021577
1 0.543155 0.456101 0.014881 0.031746
1 0.486442 0.458953 0.021164 0.035962
1 0.389385 0.436632 0.018849 0.031994
1 0.455192 0.447297 0.016865 0.031994
1 0.441468 0.432788 0.013889 0.027778
1 0.428902 0.423363 0.013228 0.023810
1 0.411376 0.410838 0.011243 0.020089
1 0.385417 0.405878 0.011574 0.020089
1 0.450893 0.411210 0.009590 0.018849
1 0.568783 0.422123 0.013228 0.022321
1 0.541171 0.420387 0.011574 0.022321
1 0.519676 0.401414 0.009590 0.016617
3 0.350860 0.414683 0.061508 0.051587
3 0.490410 0.413566 0.042328 0.047371
0 0.428571 0.391121 0.020503 0.014881
0 0.396991 0.388269 0.018849 0.016121
0 0.433366 0.378968 0.016865 0.009921
0 0.516204 0.388021 0.019180 0.018105
0 0.464782 0.380456 0.016865 0.010417
3 0.485780 0.369792 0.020503 0.016865
1 0.522817 0.375496 0.007275 0.009425
0 0.483466 0.387277 0.018519 0.014633
0 0.456349 0.368552 0.015873 0.010417
