0 0.209987 0.670139 0.170635 0.138393
0 0.519841 0.593750 0.083333 0.126488
0 0.639054 0.554067 0.120040 0.099206
1 0.194775 0.529514 0.035053 0.053571
1 0.390873 0.569196 0.030423 0.065476
1 0.380456 0.541171 0.030754 0.049603
1 0.524471 0.513641 0.027116 0.050099
1 0.574074 0.502604 0.025794 0.045883
1 0.417493 0.492684 0.024140 0.041915
1 0.451389 0.496032 0.023810 0.040675
0 0.464451 0.544147 0.067130 0.064980
0 0.362599 0.498512 0.069775 0.050099
0 0.332011 0.439112 0.045635 0.033978
0 0.404101 0.428447 0.031085 0.025050
1 0.653108 0.450893 0.014550 0.030258
1 0.631614 0.437996 0.009921 0.020833
1 0.623181 0.432664 0.009590 0.020585
1 0.548611 0.418031 0.011905 0.020089
1 0.536706 0.413690 0.008598 0.016865
1 0.530423 0.407614 0.006614 0.015625
1 0.507110 0.408730 0.010251 0.015873
1 0.424107 0.452505 0.015542 0.026538
1 0.396660 0.451389 0.017526 0.027778
1 0.332011 0.471106 0.019841 0.035466
1 0.364253 0.468130 0.022156 0.024554
1 0.368221 0.444940 0.016865 0.026290
1 0.385417 0.420635 0.011574 0.020833
1 0.407077 0.414931 0.012566 0.016865
1 0.428902 0.422123 0.010582 0.020833
1 0.443287 0.425347 0.013558 0.020833
1 0.438823 0.411954 0.011905 0.014385
1 0.455026 0.419395 0.009921 0.016369
1 0.476852 0.401290 0.009259 0.014385
1 0.467923 0.399182 0.008598 0.013145
1 0.440807 0.396081 0.010582 0.012897
1 0.416667 0.393725 0.009921 0.012649
1 0.428241 0.389137 0.010582 0.012897
0 0.430721 0.401662 0.022817 0.014633
3 0.477183 0.432788 0.046958 0.056052
0 0.505291 0.394717 0.015212 0.010169
0 0.450562 0.385541 0.018188 0.017609
0 0.461310 0.378472 0.011905 0.012897
0 0.486442 0.379092 0.011905 0.007688
1 0.509590 0.386409 0.005952 0.007937
1 0.523644 0.398438 0.006944 0.011657
