1 0.066468 0.750496 0.085317 0.134425
1 0.347553 0.689732 0.062831 0.107143
1 0.818287 0.698785 0.064484 0.114831
0 0.686839 0.577505 0.107804 0.081101
1 0.521660 0.533730 0.034722 0.056052
0 0.221065 0.506696 0.079034 0.058036
1 0.295304 0.486483 0.029762 0.040427
0 0.358962 0.469866 0.063161 0.063740
0 0.445933 0.504092 0.049934 0.047867
0 0.440807 0.476314 0.045635 0.035962
1 0.417493 0.468502 0.017526 0.030258
1 0.411706 0.447173 0.013889 0.031250
1 0.391369 0.439112 0.013558 0.029514
1 0.397817 0.429812 0.014550 0.021329
1 0.469246 0.437128 0.015212 0.024554
1 0.499669 0.459821 0.015212 0.029762
1 0.522983 0.483135 0.020172 0.036210
1 0.505126 0.439236 0.014881 0.024306
1 0.536541 0.430928 0.012897 0.022569
1 0.605324 0.479911 0.021495 0.038194
1 0.659722 0.455109 0.017196 0.029762
1 0.637401 0.442212 0.014881 0.023313
1 0.628472 0.437748 0.010913 0.022321
1 0.437831 0.405134 0.009259 0.012153
1 0.445933 0.400050 0.010251 0.015377
1 0.503638 0.407986 0.007937 0.013393
1 0.524306 0.410218 0.006944 0.013889
0 0.489087 0.420759 0.027116 0.016617
0 0.456349 0.423115 0.032407 0.034226
0 0.428075 0.398189 0.016204 0.019593
0 0.472222 0.406498 0.021825 0.019841
1 0.495205 0.404762 0.006944 0.013393
0 0.447751 0.385789 0.013889 0.013641
0 0.464286 0.389261 0.012566 0.009177
0 0.501323 0.391865 0.014550 0.011409
0 0.485284 0.381944 0.012897 0.011905
