0 0.424272 0.380580 0.016534 0.013145
0 0.446925 0.384053 0.016865 0.009177
0 0.494048 0.380828 0.012566 0.010665
3 0.472057 0.376612 0.013558 0.014137
0 0.434524 0.402282 0.024471 0.028770
0 0.471561 0.426091 0.031746 0.021825
0 0.420635 0.433780 0.033069 0.026290
0 0.555225 0.492063 0.072090 0.086310
1 0.406250 0.739831 0.057209 0.125496
1 0.504795 0.659846 0.049272 0.096974
1 0.633102 0.611607 0.036706 0.087798
1 0.494709 0.526538 0.028439 0.048611
1 0.651620 0.471602 0.016865 0.031498
1 0.636243 0.449281 0.017857 0.027034
1 0.604828 0.433036 0.017857 0.023313
1 0.559193 0.442956 0.015212 0.025794
1 0.479828 0.464410 0.017196 0.031002
1 0.478836 0.444816 0.015873 0.020089
1 0.412037 0.467882 0.016534 0.033978
1 0.348545 0.510417 0.024471 0.050099
1 0.238261 0.542783 0.030093 0.057292
1 0.225694 0.516617 0.026786 0.048115
1 0.316634 0.488095 0.021495 0.040675
1 0.339947 0.444196 0.013889 0.028770
1 0.340112 0.429439 0.014220 0.015625
1 0.367725 0.418279 0.013228 0.019593
1 0.385582 0.402282 0.009921 0.015377
1 0.397156 0.404886 0.011243 0.016121
1 0.416501 0.414062 0.011574 0.015129
1 0.510251 0.419891 0.010582 0.018353
1 0.495536 0.410218 0.010251 0.016369
1 0.507110 0.407118 0.009590 0.017113
1 0.515708 0.400298 0.008267 0.013393
1 0.477844 0.400298 0.009921 0.013393
1 0.501157 0.390253 0.007606 0.010169
1 0.467262 0.393353 0.007937 0.010913
1 0.452877 0.393353 0.008267 0.011409
1 0.351025 0.408234 0.011574 0.018353
