0 0.234292 0.547247 0.121362 0.073661
1 0.662533 0.539311 0.033399 0.052331
1 0.458168 0.572049 0.032738 0.073165
1 0.495866 0.543279 0.029431 0.055308
1 0.397156 0.526662 0.027778 0.057292
1 0.286045 0.477431 0.019841 0.035714
1 0.326058 0.451637 0.017196 0.027778
1 0.390046 0.463542 0.021495 0.033730
1 0.511739 0.484623 0.020833 0.035714
1 0.552910 0.490079 0.016534 0.039187
1 0.575728 0.469122 0.016534 0.030506
1 0.643022 0.455357 0.016204 0.027778
1 0.611938 0.439732 0.012235 0.021825
1 0.516700 0.429439 0.012235 0.019593
1 0.516204 0.417659 0.009259 0.013393
1 0.520337 0.408978 0.007606 0.012897
1 0.503638 0.410342 0.011243 0.017113
1 0.489253 0.401786 0.007606 0.012401
0 0.508102 0.398313 0.018849 0.016369
0 0.419808 0.433036 0.038690 0.027282
0 0.422454 0.415551 0.025463 0.015129
0 0.389881 0.404514 0.027116 0.022321
0 0.437831 0.406622 0.016534 0.014633
0 0.439484 0.396949 0.017857 0.012649
3 0.473876 0.411086 0.035053 0.036954
0 0.493221 0.381200 0.013558 0.011409
