0 0.876488 0.672743 0.191468 0.130704
3 0.626984 0.599082 0.207011 0.197173
0 0.212302 0.492436 0.099206 0.068204
1 0.313161 0.497892 0.025794 0.040923
0 0.287202 0.470734 0.052579 0.036706
0 0.325066 0.455481 0.046296 0.031994
0 0.350198 0.441220 0.039021 0.027778
0 0.515873 0.425347 0.035053 0.034226
1 0.644841 0.445685 0.015873 0.029762
1 0.614253 0.431176 0.010913 0.021081
1 0.572586 0.424727 0.013558 0.020089
1 0.556548 0.427951 0.018519 0.021577
1 0.440642 0.491071 0.022817 0.041667
1 0.454365 0.459821 0.018519 0.030754
1 0.461144 0.440104 0.016204 0.023562
1 0.482804 0.424727 0.011243 0.020585
1 0.522652 0.397817 0.005622 0.012897
1 0.501653 0.407118 0.011905 0.016617
1 0.471561 0.402034 0.007937 0.013393
0 0.412037 0.427951 0.033730 0.024058
0 0.400794 0.417411 0.026455 0.018353
0 0.447751 0.418031 0.035714 0.029018
0 0.407242 0.402282 0.022156 0.016865
3 0.438492 0.385789 0.025132 0.019593
3 0.472057 0.382316 0.020172 0.020585
1 0.494213 0.392981 0.006283 0.012153
1 0.485450 0.408606 0.008598 0.013145
1 0.506118 0.393725 0.005622 0.013145
1 0.534722 0.411210 0.009921 0.015873
1 0.370370 0.406002 0.011243 0.017361
1 0.357474 0.408854 0.009921 0.019097
