1 0.454530 0.604787 0.040013 0.083581
0 0.169478 0.519965 0.124008 0.079613
0 0.261905 0.487103 0.068122 0.042163
0 0.310351 0.470362 0.045304 0.036458
0 0.344742 0.452133 0.043981 0.031746
0 0.400794 0.460069 0.048942 0.035218
0 0.399306 0.443080 0.036706 0.026538
0 0.404927 0.420387 0.029431 0.022321
0 0.540344 0.452505 0.049603 0.046379
0 0.459656 0.447049 0.047619 0.043403
0 0.437169 0.411706 0.029101 0.018353
0 0.454861 0.420139 0.024140 0.015377
0 0.482474 0.409722 0.021825 0.016865
0 0.498181 0.388021 0.014220 0.011161
3 0.433201 0.395957 0.029101 0.026042
3 0.475033 0.395089 0.030093 0.029266
1 0.431878 0.528398 0.028439 0.053819
1 0.468585 0.466766 0.017857 0.030754
1 0.496693 0.474702 0.020503 0.033730
1 0.602513 0.499504 0.023810 0.045635
1 0.645668 0.485863 0.020833 0.036706
1 0.648644 0.449157 0.016865 0.027282
1 0.617890 0.434772 0.014220 0.021825
1 0.492890 0.431300 0.013558 0.021329
1 0.531415 0.430184 0.016534 0.017609
1 0.540013 0.415675 0.010582 0.016369
1 0.530754 0.405506 0.008598 0.013393
1 0.505622 0.408358 0.009259 0.015129
1 0.485450 0.418775 0.012566 0.015129
1 0.385747 0.413814 0.009590 0.015129
1 0.372024 0.408978 0.011243 0.017361
1 0.360450 0.411210 0.010582 0.016865
