0 0.532077 0.640749 0.149471 0.160466
0 0.304894 0.614583 0.182540 0.144841
1 0.724372 0.583953 0.050595 0.083581
1 0.068948 0.578125 0.045304 0.071925
0 0.192791 0.527778 0.118386 0.068948
0 0.318783 0.502480 0.094577 0.067460
1 0.679233 0.475942 0.027778 0.049603
1 0.632771 0.483631 0.030093 0.052579
1 0.408896 0.493552 0.028770 0.054563
1 0.441964 0.484871 0.023479 0.055556
1 0.328869 0.454861 0.023479 0.031746
1 0.379960 0.425347 0.016534 0.033730
1 0.398810 0.399802 0.013889 0.021825
1 0.531911 0.390129 0.012235 0.021825
1 0.705853 0.402158 0.012897 0.029514
1 0.661210 0.409722 0.018849 0.030258
1 0.582011 0.428943 0.020503 0.034474
0 0.612269 0.408482 0.041336 0.028274
3 0.527116 0.455481 0.095238 0.112847
3 0.430060 0.423611 0.083003 0.077381
1 0.498843 0.396949 0.014881 0.025050
1 0.560185 0.400546 0.015873 0.021329
1 0.575728 0.383929 0.013889 0.021825
1 0.614087 0.375000 0.013228 0.017361
0 0.435847 0.373512 0.026455 0.024306
0 0.477017 0.369792 0.026786 0.029266
0 0.543981 0.371900 0.027116 0.025546
0 0.522321 0.351562 0.020833 0.017113
0 0.494709 0.361483 0.023148 0.020089
0 0.497520 0.346974 0.014881 0.009921
3 0.520833 0.337426 0.023148 0.018105
0 0.545635 0.345114 0.011905 0.011657
0 0.545139 0.336930 0.008929 0.007688
1 0.569775 0.365451 0.010582 0.014137
1 0.583664 0.361235 0.009259 0.015625
1 0.412864 0.368676 0.009590 0.017113
0 0.475033 0.343006 0.012235 0.015873
0 0.497851 0.336558 0.008929 0.005952
1 0.561508 0.343006 0.005952 0.009921
1 0.514716 0.360863 0.009590 0.014881
