1 0.904431 0.870536 0.128968 0.186508
0 0.519841 0.877480 0.271825 0.245040
0 0.136574 0.857887 0.272487 0.284226
3 0.525959 0.505084 0.147817 0.170883
0 0.139716 0.553199 0.144511 0.084573
0 0.283234 0.534350 0.118717 0.086558
1 0.374173 0.541667 0.041997 0.074405
1 0.417493 0.521577 0.036045 0.063988
1 0.287202 0.479415 0.030754 0.040179
1 0.348710 0.439980 0.022156 0.037202
1 0.368882 0.412450 0.016865 0.024802
1 0.497520 0.409474 0.015542 0.027282
1 0.691138 0.567336 0.048942 0.082589
1 0.707507 0.512277 0.032738 0.060268
1 0.597884 0.454613 0.026455 0.039187
1 0.693287 0.440104 0.022817 0.040923
0 0.624835 0.429067 0.049272 0.038690
1 0.701554 0.398438 0.017526 0.029018
1 0.454861 0.402406 0.013558 0.028026
1 0.528108 0.398810 0.016534 0.025298
1 0.579034 0.393105 0.013228 0.025794
1 0.611607 0.370412 0.012897 0.016617
1 0.568948 0.369048 0.009590 0.018353
1 0.578538 0.356771 0.008267 0.014137
1 0.559689 0.364707 0.008267 0.017609
3 0.405919 0.435888 0.088294 0.092014
0 0.418485 0.375000 0.028108 0.026786
0 0.468750 0.373884 0.031415 0.029018
0 0.484623 0.360863 0.024140 0.021329
0 0.546131 0.374628 0.024140 0.028026
0 0.534722 0.363467 0.019180 0.020089
0 0.488757 0.344990 0.017196 0.010913
0 0.466104 0.341890 0.017526 0.014137
0 0.489583 0.335441 0.010251 0.008681
0 0.513062 0.347594 0.018188 0.012649
0 0.543320 0.343750 0.011243 0.009425
0 0.535218 0.335813 0.012897 0.009921
3 0.514220 0.334201 0.021164 0.017609
1 0.559193 0.341642 0.007275 0.011657
1 0.549769 0.333581 0.004299 0.008929
1 0.511078 0.361359 0.008267 0.016369
