1 0.820933 0.736111 0.083664 0.144841
1 0.316964 0.754340 0.078373 0.162946
1 0.076885 0.795511 0.095569 0.151538
1 0.042493 0.636285 0.084325 0.112351
1 0.170966 0.558532 0.057540 0.076885
1 0.433697 0.611483 0.053902 0.093998
1 0.659061 0.581349 0.052249 0.086310
1 0.577216 0.491319 0.034722 0.047123
1 0.224537 0.488343 0.036376 0.055060
1 0.333499 0.499628 0.030754 0.055804
1 0.282407 0.453001 0.025132 0.039435
1 0.321759 0.455357 0.025132 0.038690
1 0.349868 0.431052 0.017857 0.033234
1 0.528108 0.464658 0.023148 0.044891
1 0.455853 0.416419 0.018188 0.031746
1 0.701720 0.410094 0.019180 0.031498
1 0.644511 0.384797 0.014550 0.019097
1 0.615410 0.388021 0.017857 0.022073
1 0.410714 0.368552 0.009921 0.016865
1 0.423776 0.367188 0.008929 0.016121
1 0.475198 0.364583 0.008598 0.010913
1 0.468254 0.360367 0.006614 0.009921
1 0.540509 0.376860 0.006944 0.013641
1 0.571263 0.369296 0.008267 0.014881
1 0.581845 0.365699 0.008267 0.015129
1 0.540344 0.360491 0.010582 0.014137
1 0.526124 0.360739 0.007275 0.013641
1 0.504795 0.358631 0.006944 0.013393
1 0.550761 0.353423 0.006944 0.012401
0 0.633102 0.471230 0.060516 0.045635
0 0.428571 0.481771 0.080688 0.074653
0 0.412037 0.437624 0.055556 0.048363
0 0.393684 0.397693 0.041997 0.033482
3 0.516038 0.413442 0.061839 0.069444
0 0.591766 0.421999 0.041336 0.031498
0 0.569279 0.385789 0.026786 0.021577
0 0.474041 0.381820 0.024140 0.017609
3 0.520337 0.341890 0.026786 0.020089
0 0.541997 0.341890 0.013889 0.011657
0 0.553737 0.345610 0.011574 0.010169
0 0.476687 0.355035 0.018188 0.012153
0 0.499173 0.339038 0.012235 0.007440
