1 0.476356 0.914683 0.104167 0.170635
1 0.049272 0.661706 0.071429 0.113591
1 0.033896 0.608879 0.067130 0.078373
1 0.372851 0.519345 0.026124 0.061508
1 0.442460 0.463170 0.043651 0.048363
1 0.549438 0.438492 0.024140 0.037698
0 0.678241 0.576141 0.128968 0.101687
0 0.254299 0.582713 0.165344 0.125248
3 0.487765 0.569692 0.165344 0.227183
0 0.626819 0.429936 0.050595 0.036458
0 0.302579 0.448165 0.074074 0.065476
0 0.440476 0.420015 0.032407 0.031002
0 0.448743 0.371776 0.022487 0.014881
0 0.534888 0.356151 0.014220 0.009921
0 0.473214 0.348214 0.014550 0.006944
0 0.517857 0.351811 0.013228 0.013641
3 0.502315 0.354663 0.025794 0.024802
1 0.465608 0.369668 0.008598 0.011657
1 0.426587 0.394593 0.011243 0.018849
1 0.470734 0.391369 0.008929 0.020337
1 0.476687 0.387401 0.010251 0.016865
1 0.506614 0.415427 0.015873 0.023313
1 0.596892 0.391369 0.013228 0.020833
1 0.521495 0.394717 0.013228 0.021081
1 0.509425 0.388145 0.011574 0.019841
1 0.430556 0.385045 0.012566 0.016617
1 0.394015 0.378100 0.011574 0.017609
1 0.405423 0.374256 0.009259 0.015377
1 0.480489 0.369544 0.007275 0.014385
1 0.487269 0.373636 0.009590 0.014633
1 0.518519 0.372644 0.012566 0.015129
1 0.529927 0.369668 0.010251 0.015129
1 0.552249 0.358011 0.011243 0.013145
1 0.633929 0.392485 0.017196 0.017113
1 0.633763 0.412946 0.020172 0.022321
1 0.684524 0.414062 0.017196 0.029514
1 0.449405 0.360987 0.006614 0.010665
1 0.459656 0.358879 0.009259 0.010913
1 0.468750 0.356647 0.007606 0.010417
