1 0.677249 0.772569 0.099206 0.181548
1 0.119544 0.592386 0.059193 0.090030
1 0.417989 0.561136 0.057540 0.077133
1 0.540675 0.584697 0.055556 0.077133
1 0.506779 0.470486 0.026124 0.047123
1 0.433532 0.476314 0.033069 0.048363
1 0.132606 0.512897 0.054233 0.061508
0 0.217923 0.522073 0.116402 0.095238
0 0.656581 0.480903 0.106151 0.062500
1 0.674603 0.434648 0.021825 0.033482
1 0.654597 0.412078 0.015542 0.032490
1 0.618386 0.395337 0.016534 0.021825
1 0.362599 0.419767 0.017526 0.027530
1 0.404597 0.420759 0.017526 0.029018
1 0.412202 0.401290 0.014881 0.024802
1 0.418485 0.385541 0.010251 0.020585
1 0.437996 0.388393 0.014220 0.020337
1 0.441634 0.380456 0.011574 0.015873
1 0.522652 0.377108 0.011574 0.016121
1 0.537864 0.369420 0.010251 0.013145
1 0.530589 0.362351 0.010251 0.014881
1 0.491898 0.368800 0.008267 0.011409
1 0.493882 0.360119 0.009590 0.007937
1 0.506779 0.360243 0.008267 0.010169
0 0.514550 0.369668 0.023148 0.015625
3 0.490245 0.405630 0.064484 0.070685
0 0.468585 0.373636 0.024471 0.017113
0 0.439980 0.368056 0.024802 0.013393
0 0.419643 0.363219 0.017857 0.011161
0 0.435185 0.350570 0.018519 0.010169
0 0.449074 0.342386 0.014550 0.011657
3 0.471065 0.355779 0.026786 0.021577
3 0.476356 0.340650 0.022156 0.014633
1 0.401124 0.367560 0.013228 0.015377
1 0.377646 0.370908 0.009259 0.013145
1 0.366402 0.375124 0.013228 0.020585
1 0.503638 0.344742 0.005291 0.009425
