1 0.485946 0.737971 0.075066 0.143601
1 0.243221 0.604291 0.059193 0.097966
1 0.251819 0.519965 0.041997 0.065228
1 0.358796 0.477679 0.036376 0.053571
1 0.384094 0.430680 0.028108 0.040427
1 0.411210 0.432664 0.026124 0.033978
0 0.682540 0.557292 0.140873 0.113591
3 0.462467 0.495040 0.135913 0.150794
1 0.702050 0.442212 0.026455 0.027282
1 0.654266 0.419395 0.015542 0.032738
1 0.616237 0.401786 0.014220 0.021825
1 0.531085 0.404142 0.015212 0.020585
1 0.519345 0.394469 0.012897 0.020089
1 0.443948 0.415675 0.016204 0.016369
1 0.366898 0.382316 0.008929 0.018105
1 0.383598 0.386657 0.011243 0.017361
1 0.439484 0.378348 0.007275 0.016617
1 0.489583 0.391245 0.011574 0.018601
1 0.506779 0.390005 0.010913 0.020585
0 0.459821 0.402158 0.032077 0.034474
0 0.405589 0.396825 0.030754 0.022321
0 0.411872 0.378596 0.025463 0.014137
0 0.426422 0.364583 0.026124 0.015873
3 0.464120 0.371652 0.032738 0.029514
0 0.524967 0.385541 0.028108 0.016121
0 0.487599 0.369296 0.025463 0.018849
0 0.485284 0.348090 0.012235 0.010665
3 0.465112 0.352307 0.022817 0.019097
1 0.503803 0.357391 0.005622 0.010913
1 0.536210 0.375372 0.006944 0.014137
1 0.505456 0.377480 0.007606 0.017361
1 0.425926 0.382564 0.011905 0.018601
0 0.444279 0.356027 0.015542 0.013641
