1 0.152612 0.599578 0.059193 0.083581
1 0.304894 0.545511 0.033069 0.077133
0 0.727017 0.615947 0.163690 0.157986
3 0.458003 0.574157 0.203704 0.272817
0 0.716931 0.455853 0.138228 0.048611
1 0.357639 0.446057 0.021495 0.040427
1 0.403604 0.457465 0.022156 0.041419
1 0.446263 0.436880 0.015542 0.022073
1 0.657077 0.416047 0.015212 0.030506
1 0.620866 0.400918 0.014220 0.022569
1 0.532407 0.410838 0.015212 0.023562
1 0.529431 0.397941 0.011905 0.017113
1 0.518684 0.396081 0.015542 0.021329
1 0.500331 0.395585 0.013228 0.022321
1 0.374504 0.390253 0.010913 0.018105
1 0.378803 0.375868 0.010913 0.016121
1 0.415675 0.386161 0.007937 0.016369
1 0.438657 0.382812 0.014220 0.020089
1 0.510086 0.383061 0.010913 0.017113
1 0.537533 0.373016 0.008929 0.014385
1 0.508102 0.372520 0.008929 0.009921
1 0.510251 0.358383 0.008598 0.013889
1 0.496197 0.358135 0.008929 0.015377
0 0.386574 0.407862 0.035714 0.025546
0 0.457176 0.408234 0.041997 0.039187
0 0.411045 0.380704 0.023810 0.015377
0 0.424438 0.364707 0.024802 0.017113
0 0.444775 0.354663 0.015873 0.011409
0 0.487434 0.368056 0.019180 0.013393
0 0.530093 0.385417 0.025132 0.016369
0 0.488261 0.346850 0.014881 0.009673
0 0.509755 0.343254 0.013558 0.010913
0 0.477183 0.343254 0.017196 0.008929
3 0.463955 0.351935 0.027116 0.019841
3 0.467262 0.379712 0.038360 0.033730
