0 0.268353 0.814360 0.311839 0.345982
1 0.167328 0.651166 0.074735 0.097966
1 0.466766 0.652530 0.050595 0.090278
1 0.567626 0.602927 0.053902 0.090278
1 0.452877 0.579365 0.050595 0.082341
1 0.833995 0.594494 0.071429 0.096726
1 0.668651 0.526538 0.054233 0.075893
1 0.254464 0.501116 0.043320 0.056300
1 0.320602 0.463914 0.029431 0.038938
1 0.504299 0.475694 0.027778 0.039187
3 0.406911 0.491195 0.111442 0.125248
1 0.312996 0.438988 0.015542 0.026290
1 0.358962 0.421131 0.010251 0.018849
1 0.370040 0.413318 0.010582 0.022073
1 0.398479 0.424107 0.015873 0.031250
1 0.412037 0.411334 0.014550 0.021081
1 0.441634 0.401910 0.012897 0.024554
1 0.663525 0.424975 0.014881 0.031498
1 0.626984 0.408482 0.014550 0.023810
1 0.495536 0.443700 0.020833 0.032738
1 0.523313 0.419519 0.012235 0.026042
1 0.488757 0.405506 0.012566 0.024802
1 0.528604 0.391121 0.012235 0.018353
1 0.544478 0.382564 0.010913 0.017609
1 0.486938 0.389013 0.011574 0.018105
1 0.501984 0.392609 0.010582 0.017857
1 0.473214 0.377976 0.009921 0.016865
1 0.513228 0.380828 0.006614 0.016121
1 0.495370 0.376736 0.009259 0.015377
1 0.411376 0.379340 0.008598 0.013641
1 0.373016 0.388641 0.008598 0.018849
1 0.504795 0.362723 0.005622 0.010665
1 0.510747 0.361111 0.005622 0.009425
0 0.487269 0.348090 0.010913 0.009673
0 0.514550 0.353919 0.015873 0.013889
0 0.468585 0.357019 0.015873 0.010169
0 0.488426 0.364335 0.016534 0.012401
0 0.436177 0.376736 0.017196 0.015873
3 0.453869 0.377976 0.031415 0.031250
0 0.395999 0.396453 0.037368 0.026538
0 0.358796 0.441220 0.052910 0.031250
0 0.572090 0.431920 0.048280 0.030506
