1 0.456184 0.735491 0.078373 0.135665
0 0.827050 0.754960 0.311508 0.266369
1 0.760913 0.600322 0.099206 0.116319
1 0.129134 0.580729 0.053902 0.082093
1 0.203869 0.520089 0.036706 0.060516
1 0.505126 0.521329 0.034722 0.054067
1 0.489583 0.475818 0.019511 0.048859
1 0.518684 0.432044 0.016204 0.028770
1 0.343254 0.436136 0.019180 0.026042
1 0.386078 0.440600 0.020833 0.031498
1 0.341435 0.425719 0.019511 0.024554
1 0.396825 0.421131 0.018519 0.025298
1 0.430060 0.410590 0.015542 0.025050
1 0.478340 0.419519 0.016204 0.027034
1 0.662533 0.425471 0.017526 0.031002
1 0.621693 0.408110 0.016534 0.022569
1 0.532573 0.399430 0.013558 0.020089
1 0.500331 0.402778 0.016534 0.019345
1 0.474041 0.401042 0.014881 0.017857
1 0.539683 0.381076 0.005952 0.017113
1 0.526124 0.387029 0.009921 0.016617
1 0.515046 0.383185 0.008267 0.015377
1 0.505787 0.379092 0.011574 0.014633
0 0.575562 0.444816 0.047288 0.038442
0 0.383929 0.402282 0.038360 0.030258
1 0.269676 0.454489 0.028770 0.032490
3 0.375331 0.558408 0.146164 0.169891
3 0.446098 0.383061 0.031085 0.035962
1 0.405919 0.384177 0.008929 0.018849
1 0.382275 0.382937 0.011905 0.014881
1 0.473380 0.386285 0.012235 0.020585
1 0.493386 0.382812 0.010582 0.017609
1 0.482804 0.380704 0.008598 0.013889
0 0.487599 0.369296 0.024140 0.015873
0 0.512235 0.357515 0.015212 0.012649
0 0.473710 0.359499 0.010251 0.009673
0 0.459987 0.358631 0.013889 0.008929
0 0.480655 0.349950 0.014220 0.010417
1 0.468585 0.375992 0.009259 0.011905
1 0.495040 0.362847 0.007937 0.010913
1 0.531250 0.365947 0.008929 0.015129
1 0.513393 0.363839 0.006283 0.010417
