1 0.075893 0.557912 0.045304 0.067708
1 0.305721 0.782986 0.076389 0.152778
1 0.560681 0.725570 0.088955 0.129216
1 0.275298 0.658482 0.057209 0.099206
1 0.493882 0.574157 0.086971 0.103175
1 0.307540 0.532366 0.052249 0.079613
1 0.244874 0.505704 0.041997 0.072917
1 0.529431 0.485491 0.043651 0.069196
0 0.663360 0.568948 0.137566 0.113591
0 0.313327 0.418527 0.063823 0.045883
0 0.476025 0.369916 0.024802 0.023562
0 0.419808 0.349454 0.017526 0.010913
0 0.437996 0.342138 0.018849 0.013641
0 0.462963 0.342510 0.015873 0.012897
0 0.500992 0.339658 0.020503 0.012153
0 0.454034 0.331225 0.011243 0.008681
0 0.448578 0.320437 0.016865 0.010913
1 0.485450 0.337178 0.008598 0.012649
1 0.478340 0.346478 0.007606 0.015873
1 0.487434 0.349702 0.010582 0.013889
1 0.493882 0.358259 0.010251 0.016121
1 0.444279 0.361855 0.016204 0.019345
1 0.506118 0.353795 0.008929 0.015625
1 0.514385 0.357515 0.008267 0.013641
1 0.530754 0.357515 0.010582 0.016121
1 0.499008 0.394593 0.013889 0.027778
1 0.437500 0.391245 0.014550 0.025050
1 0.467427 0.400794 0.014881 0.025298
1 0.472057 0.387525 0.015542 0.022073
1 0.472222 0.426215 0.019841 0.036458
1 0.490575 0.420759 0.020172 0.037450
1 0.531911 0.417783 0.017526 0.034474
1 0.621528 0.419643 0.021495 0.033234
1 0.610946 0.384425 0.018188 0.022321
1 0.651290 0.401290 0.016865 0.031250
1 0.358300 0.379712 0.017526 0.026290
1 0.358631 0.363715 0.015542 0.020585
3 0.396164 0.405630 0.066799 0.073165
