1 0.505952 0.704737 0.069444 0.131696
1 0.586971 0.625124 0.060847 0.110863
1 0.766204 0.521329 0.043651 0.062500
1 0.454696 0.540303 0.060847 0.082093
1 0.543320 0.458085 0.036376 0.063988
1 0.477348 0.462550 0.026124 0.057540
1 0.418155 0.467138 0.040013 0.050843
3 0.192626 0.579365 0.285384 0.244048
0 0.103836 0.505704 0.160053 0.122520
0 0.338955 0.451513 0.066138 0.063740
0 0.472718 0.409970 0.052579 0.044147
0 0.396329 0.371528 0.029431 0.021329
0 0.429398 0.358879 0.024802 0.018849
0 0.460483 0.351190 0.022817 0.019841
0 0.501488 0.348462 0.020833 0.017857
0 0.444940 0.341270 0.020172 0.013393
0 0.452712 0.325025 0.016534 0.010665
3 0.480324 0.327877 0.016865 0.016369
1 0.356481 0.362475 0.010582 0.021577
1 0.338624 0.386037 0.015212 0.022569
1 0.354497 0.391617 0.023810 0.023313
1 0.369544 0.360243 0.012897 0.016121
1 0.428406 0.384301 0.019511 0.023065
1 0.468750 0.381944 0.015542 0.021825
1 0.410549 0.351687 0.010251 0.014881
1 0.481151 0.344370 0.007937 0.015625
1 0.503472 0.337302 0.007606 0.010417
1 0.519180 0.339906 0.008598 0.012649
1 0.471561 0.358755 0.017196 0.015129
1 0.485284 0.363591 0.011574 0.016865
1 0.507937 0.356523 0.010582 0.016121
1 0.529597 0.359127 0.013558 0.017361
1 0.525298 0.369916 0.014220 0.017609
1 0.500000 0.380952 0.014550 0.023313
1 0.555060 0.388765 0.016865 0.026042
1 0.608135 0.384797 0.016534 0.023562
1 0.645172 0.402406 0.023810 0.032490
