1 0.612103 0.698165 0.066138 0.126488
0 0.413525 0.585317 0.139220 0.146329
1 0.703373 0.487971 0.043651 0.050843
1 0.502480 0.471726 0.020833 0.067956
1 0.659226 0.405258 0.019511 0.030754
1 0.621693 0.388021 0.017857 0.021577
1 0.590939 0.404018 0.021164 0.030754
1 0.524967 0.427827 0.021495 0.034226
1 0.500661 0.406498 0.016534 0.030258
1 0.516534 0.393477 0.021164 0.029018
1 0.557870 0.373760 0.013228 0.018353
1 0.392361 0.437748 0.024140 0.039187
1 0.328208 0.400298 0.028108 0.025298
1 0.352348 0.391865 0.014881 0.024802
1 0.404927 0.378472 0.018188 0.020833
1 0.368882 0.366443 0.010913 0.016121
1 0.381944 0.364087 0.011905 0.018849
1 0.472057 0.376116 0.011574 0.019097
1 0.456184 0.365575 0.016204 0.016865
1 0.492394 0.356399 0.007937 0.012897
1 0.539187 0.361979 0.007606 0.016121
1 0.519841 0.347966 0.009259 0.010913
1 0.528935 0.343874 0.006944 0.012649
1 0.505456 0.346726 0.007606 0.011409
1 0.435351 0.346354 0.010913 0.012649
1 0.471065 0.340278 0.010913 0.013889
1 0.467262 0.352307 0.010582 0.012153
3 0.486938 0.339782 0.020833 0.021825
0 0.452712 0.333085 0.015212 0.013393
0 0.451885 0.350570 0.016865 0.013145
0 0.435351 0.357515 0.024140 0.019593
0 0.519511 0.364211 0.032407 0.023065
0 0.470899 0.366443 0.022487 0.021577
0 0.434854 0.393849 0.037698 0.028274
0 0.370205 0.411458 0.055225 0.026786
