1 0.175265 0.655134 0.069444 0.116319
1 0.541667 0.555928 0.043651 0.082093
1 0.670470 0.482763 0.036706 0.050843
1 0.487765 0.461186 0.019180 0.044395
1 0.561673 0.451513 0.017526 0.040427
0 0.144841 0.538938 0.165344 0.095238
0 0.374669 0.514881 0.099206 0.091270
0 0.756614 0.454737 0.128968 0.054812
1 0.340443 0.430928 0.026124 0.032986
1 0.654762 0.405134 0.019841 0.031994
1 0.615410 0.386657 0.012566 0.020337
1 0.422288 0.403770 0.016534 0.028274
1 0.449901 0.393353 0.016865 0.023313
1 0.349702 0.392981 0.022156 0.029018
1 0.326058 0.398934 0.028439 0.025050
1 0.361276 0.364955 0.013558 0.018601
1 0.376819 0.359499 0.014881 0.020585
1 0.413856 0.361483 0.010913 0.021081
1 0.442295 0.373264 0.011574 0.019345
1 0.429398 0.359871 0.008929 0.014385
1 0.531911 0.374132 0.010913 0.019593
1 0.492229 0.366443 0.010913 0.019097
1 0.501984 0.354291 0.011243 0.015625
1 0.470899 0.358755 0.013889 0.014137
1 0.445437 0.351438 0.006614 0.014385
3 0.473545 0.346106 0.027116 0.024554
3 0.486772 0.325893 0.012566 0.015873
0 0.443783 0.340526 0.019841 0.014881
0 0.476521 0.379588 0.027778 0.030506
0 0.399967 0.376364 0.025463 0.026042
0 0.568287 0.380952 0.059854 0.030754
0 0.440642 0.364211 0.016865 0.013641
