0 0.698247 0.508929 0.102844 0.087302
0 0.184854 0.523934 0.109788 0.104415
0 0.375000 0.446305 0.048280 0.037946
0 0.475198 0.432664 0.043651 0.051339
0 0.434358 0.359499 0.024802 0.018105
0 0.475529 0.350818 0.019841 0.017113
0 0.686177 0.445064 0.082672 0.052827
0 0.502315 0.331101 0.013889 0.008433
0 0.461640 0.334449 0.013889 0.008185
3 0.476852 0.336682 0.021164 0.017609
3 0.442130 0.385541 0.048280 0.053323
1 0.506944 0.340526 0.007275 0.011905
1 0.452381 0.343502 0.007275 0.011905
1 0.459987 0.343874 0.005952 0.010665
1 0.435351 0.343750 0.008929 0.011409
1 0.494544 0.357887 0.008929 0.012401
1 0.488591 0.367436 0.012235 0.019097
1 0.510251 0.364707 0.013228 0.018105
1 0.535053 0.359995 0.009921 0.015129
1 0.537864 0.385789 0.014881 0.021577
1 0.566303 0.376736 0.011574 0.018849
1 0.615410 0.390005 0.017857 0.028026
1 0.473876 0.363715 0.008598 0.016617
1 0.408399 0.391369 0.017857 0.019345
1 0.388558 0.404018 0.017196 0.026786
1 0.346726 0.397321 0.017526 0.025298
1 0.320106 0.404514 0.017857 0.025298
1 0.333333 0.422123 0.017196 0.031250
1 0.429729 0.428447 0.021495 0.036954
1 0.523148 0.421627 0.017196 0.029266
1 0.534392 0.440724 0.018519 0.034226
1 0.573578 0.461062 0.026124 0.041667
1 0.653274 0.405010 0.015542 0.030258
1 0.425761 0.488715 0.031415 0.053819
1 0.310516 0.510293 0.029101 0.058780
