1 0.600033 0.594370 0.045304 0.093998
1 0.377976 0.610739 0.036376 0.079613
1 0.531250 0.508309 0.026124 0.052331
1 0.553737 0.467262 0.043320 0.053571
1 0.245205 0.483135 0.029431 0.048115
1 0.372851 0.496156 0.028770 0.058780
1 0.335317 0.439112 0.014550 0.035466
1 0.297123 0.419767 0.019511 0.029514
1 0.336640 0.401538 0.021825 0.030258
1 0.407573 0.366567 0.010913 0.019841
1 0.363261 0.367436 0.011574 0.019097
1 0.374008 0.363343 0.007275 0.015377
1 0.654101 0.406374 0.013228 0.031002
1 0.618882 0.391121 0.014220 0.022817
1 0.549603 0.404390 0.015873 0.025050
1 0.566468 0.374628 0.011905 0.020585
1 0.496858 0.384053 0.011574 0.020089
1 0.476687 0.377728 0.014881 0.021329
1 0.465774 0.364211 0.013558 0.017609
1 0.490575 0.367188 0.014220 0.017113
1 0.513724 0.372892 0.012897 0.018105
1 0.533730 0.362847 0.011243 0.016865
1 0.521991 0.362351 0.012897 0.016865
1 0.425265 0.350074 0.009259 0.014633
1 0.444114 0.348586 0.007937 0.013641
1 0.449735 0.341146 0.005291 0.008185
1 0.491733 0.343750 0.013889 0.011409
1 0.508267 0.344742 0.008598 0.011409
1 0.488426 0.332713 0.006614 0.009673
0 0.498181 0.332093 0.013558 0.010913
0 0.456680 0.336310 0.010582 0.010913
3 0.470899 0.340154 0.021825 0.018105
3 0.410218 0.414062 0.066468 0.074653
0 0.474206 0.355035 0.016534 0.014633
0 0.429067 0.369172 0.025463 0.023065
0 0.463624 0.477803 0.060847 0.074653
0 0.736442 0.473710 0.108466 0.075893
0 0.765542 0.596726 0.164683 0.127976
0 0.289517 0.540427 0.104828 0.074405
