0 0.272652 0.634301 0.188161 0.186756
0 0.486772 0.587302 0.087302 0.095238
0 0.942626 0.646577 0.114749 0.180060
0 0.508598 0.473710 0.057540 0.040675
1 0.599868 0.757564 0.066138 0.141121
1 0.750331 0.587922 0.046958 0.078125
1 0.080357 0.649306 0.060847 0.091270
1 0.277447 0.531870 0.033730 0.049851
1 0.310681 0.499876 0.031415 0.053323
1 0.354167 0.467014 0.025132 0.037202
1 0.557209 0.529638 0.033730 0.060268
1 0.608631 0.495660 0.028108 0.048859
1 0.652282 0.486855 0.026786 0.048115
1 0.741237 0.461806 0.018849 0.038194
1 0.719907 0.458333 0.025132 0.035714
1 0.636905 0.436880 0.016534 0.028522
1 0.568618 0.432168 0.011574 0.025546
1 0.602183 0.434152 0.013228 0.021577
1 0.625000 0.442708 0.011905 0.022321
1 0.537864 0.439484 0.018188 0.028770
1 0.384755 0.407614 0.012235 0.018601
1 0.370205 0.409722 0.015542 0.023313
1 0.493056 0.413938 0.018519 0.022321
1 0.519180 0.404266 0.012566 0.018849
1 0.551257 0.409722 0.012566 0.021825
1 0.605985 0.416295 0.016865 0.021081
1 0.587798 0.404390 0.010251 0.020585
1 0.564153 0.394841 0.009259 0.015873
1 0.479167 0.395461 0.009259 0.016617
1 0.490741 0.402902 0.005952 0.017113
1 0.499835 0.388889 0.009590 0.011905
1 0.507771 0.386037 0.010251 0.014633
1 0.521329 0.394097 0.012235 0.014881
1 0.552249 0.379836 0.012566 0.016121
1 0.524471 0.374008 0.005952 0.011905
1 0.552249 0.368676 0.008598 0.013145
0 0.512235 0.364955 0.020503 0.011161
0 0.504134 0.372024 0.014881 0.011905
0 0.537864 0.376364 0.016204 0.011657
0 0.533565 0.390129 0.026124 0.016369
0 0.449735 0.397693 0.029101 0.016121
3 0.433366 0.429812 0.061839 0.065476
