1 0.642857 0.773479 0.051587 0.132275
1 0.489211 0.620866 0.035962 0.075728
1 0.510045 0.525794 0.014633 0.042989
1 0.694816 0.495866 0.018105 0.036706
1 0.644345 0.453704 0.012897 0.027116
1 0.628348 0.446263 0.011657 0.024140
1 0.586062 0.492063 0.012897 0.032407
1 0.547991 0.504630 0.014137 0.040344
1 0.533110 0.494874 0.017113 0.028770
1 0.565352 0.479332 0.011161 0.028108
1 0.536334 0.459325 0.012649 0.023148
1 0.592510 0.463128 0.012401 0.024802
1 0.573909 0.459987 0.011409 0.023810
1 0.552331 0.463624 0.011905 0.025794
1 0.591022 0.443948 0.007937 0.022817
1 0.639509 0.421958 0.008185 0.016534
1 0.589906 0.421627 0.008185 0.015873
1 0.553075 0.443948 0.008929 0.012235
1 0.553695 0.547950 0.039435 0.054233
0 0.578745 0.430556 0.019097 0.026455
3 0.623016 0.417659 0.029266 0.037698
