1 0.346354 0.901290 0.031994 0.143188
1 0.415799 0.878307 0.035466 0.162037
1 0.624132 0.793320 0.037450 0.134259
1 0.487971 0.695437 0.036458 0.100529
1 0.563864 0.691138 0.026538 0.095899
1 0.506944 0.550761 0.015873 0.052579
1 0.545635 0.542493 0.017361 0.049934
1 0.613467 0.538194 0.019097 0.050595
1 0.581597 0.551753 0.017361 0.051918
1 0.726562 0.549107 0.021577 0.054563
1 0.954613 0.835979 0.065972 0.166667
1 0.674975 0.503472 0.014633 0.043320
1 0.533978 0.493386 0.015377 0.039021
1 0.645213 0.429233 0.035466 0.048942
1 0.570809 0.520999 0.014137 0.038690
1 0.593254 0.491898 0.012897 0.036706
1 0.551463 0.483300 0.011657 0.032738
1 0.582837 0.464782 0.010417 0.028108
1 0.571305 0.495536 0.013145 0.031415
1 0.536210 0.459821 0.010913 0.030754
1 0.562500 0.457341 0.010913 0.026455
0 0.579613 0.443948 0.021825 0.036706
0 0.562376 0.421792 0.015129 0.020172
0 0.582961 0.419643 0.017113 0.018519
0 0.583209 0.400298 0.014137 0.020833
0 0.560268 0.398644 0.014385 0.009590
1 0.552579 0.453869 0.007937 0.024140
1 0.543527 0.439319 0.006200 0.020172
1 0.551215 0.429398 0.006200 0.020833
1 0.622768 0.429233 0.008929 0.024471
1 0.614335 0.405258 0.003968 0.014881
