1 0.474702 0.800761 0.033730 0.133267
1 0.497148 0.702877 0.029514 0.100860
1 0.441468 0.714616 0.030754 0.097222
1 0.512401 0.591104 0.023313 0.057870
1 0.589038 0.697586 0.079365 0.223214
1 0.689980 0.923776 0.071925 0.152447
1 0.626488 0.578373 0.023313 0.068783
1 0.524678 0.499835 0.014633 0.040675
0 0.597594 0.507606 0.037946 0.048942
3 0.717882 0.509921 0.086558 0.114418
0 0.551587 0.476852 0.029266 0.039021
1 0.526910 0.458003 0.010169 0.029762
0 0.567336 0.443948 0.018601 0.028770
0 0.589038 0.422288 0.019841 0.034392
0 0.561136 0.416005 0.016617 0.028439
1 0.583333 0.477017 0.013393 0.032077
1 0.668651 0.485946 0.016369 0.039352
1 0.660094 0.435516 0.010665 0.028439
1 0.657242 0.409722 0.008929 0.017857
0 0.721230 0.440972 0.033730 0.044643
1 0.606151 0.481481 0.015873 0.033069
3 0.783854 0.484954 0.089038 0.097553
