0 0.439608 0.795800 0.132192 0.284061
0 0.655258 0.828208 0.124008 0.302579
0 0.562748 0.634259 0.063492 0.117725
0 0.531498 0.455853 0.028770 0.042659
0 0.577629 0.440642 0.021825 0.029431
0 0.541667 0.413360 0.018849 0.029101
0 0.572049 0.417989 0.015129 0.017857
0 0.570933 0.391534 0.014881 0.021164
0 0.702753 0.433697 0.035466 0.052579
1 0.449281 0.636243 0.027530 0.078042
1 0.500992 0.628307 0.026290 0.066799
1 0.516865 0.544643 0.017857 0.055556
1 0.618180 0.539683 0.018601 0.060185
1 0.604787 0.508267 0.017113 0.050926
1 0.556424 0.542493 0.019097 0.057209
1 0.538070 0.527116 0.014633 0.049603
1 0.560392 0.496693 0.015129 0.043651
1 0.586434 0.474537 0.013641 0.037037
1 0.626736 0.423280 0.009921 0.027116
1 0.708705 0.556548 0.018601 0.062169
1 0.688864 0.487599 0.020089 0.042659
1 0.790055 0.657077 0.029514 0.090608
1 0.879712 0.796627 0.062996 0.148148
1 0.584077 0.414021 0.008929 0.021825
1 0.556052 0.408399 0.008433 0.019841
3 0.764013 0.468750 0.087550 0.094246
3 0.658978 0.427414 0.042163 0.063823
3 0.620784 0.395172 0.027778 0.039021
3 0.609995 0.381944 0.017113 0.030423
0 0.545759 0.388393 0.011657 0.014220
