0 0.477555 0.740741 0.093006 0.181217
0 0.601935 0.588624 0.053075 0.080688
0 0.576141 0.486938 0.027282 0.040013
0 0.522693 0.471892 0.032490 0.050926
0 0.538690 0.435681 0.020833 0.028108
0 0.569444 0.417659 0.019345 0.031746
0 0.543775 0.412864 0.018105 0.020172
0 0.540055 0.384425 0.011657 0.015542
0 0.567336 0.395668 0.016617 0.025463
0 0.551835 0.390873 0.014385 0.020503
0 0.546007 0.401455 0.016121 0.018519
1 0.571553 0.455522 0.012153 0.030093
1 0.545139 0.460152 0.011905 0.034061
1 0.555060 0.449239 0.011905 0.032077
1 0.604663 0.481978 0.017857 0.041997
1 0.581969 0.408234 0.007688 0.022817
1 0.654638 0.480820 0.013641 0.044974
3 0.709821 0.505787 0.086806 0.118717
3 0.759673 0.469411 0.084325 0.094246
3 0.648562 0.424438 0.042659 0.056548
3 0.624628 0.403439 0.029514 0.044312
3 0.603423 0.382771 0.018849 0.030093
3 0.608259 0.361276 0.016617 0.022156
0 0.553695 0.369874 0.012153 0.018188
0 0.700025 0.429894 0.033482 0.047619
