1 0.597222 0.759921 0.080688 0.139881
1 0.746032 0.592014 0.051587 0.085317
1 0.556052 0.530134 0.038690 0.061756
1 0.610450 0.493304 0.034392 0.050595
1 0.648975 0.483631 0.029431 0.042163
1 0.742560 0.461930 0.022817 0.037450
1 0.716270 0.455233 0.026455 0.031002
1 0.627149 0.441468 0.018188 0.026786
1 0.638889 0.437252 0.017196 0.029266
1 0.645999 0.430928 0.014220 0.025546
1 0.538856 0.438864 0.019511 0.031002
1 0.570271 0.431424 0.017526 0.029018
1 0.601852 0.434400 0.016534 0.027034
1 0.604497 0.417535 0.016534 0.025050
1 0.587467 0.405258 0.012897 0.021329
1 0.551587 0.408110 0.012566 0.022569
1 0.518022 0.406250 0.012897 0.023810
1 0.492890 0.412822 0.014220 0.023562
1 0.562996 0.395089 0.010251 0.020337
1 0.569279 0.391369 0.008267 0.017361
1 0.518849 0.393229 0.013228 0.013641
1 0.480159 0.396329 0.011243 0.019841
1 0.498181 0.397569 0.009590 0.017857
1 0.498843 0.388889 0.010251 0.015873
1 0.506944 0.386905 0.009921 0.016865
1 0.478505 0.384425 0.009259 0.013393
1 0.544808 0.382937 0.008267 0.014881
1 0.552249 0.380208 0.008598 0.015377
1 0.551091 0.369172 0.006944 0.013641
1 0.543155 0.368428 0.007606 0.011657
1 0.524967 0.372024 0.006283 0.011905
1 0.504630 0.374504 0.007275 0.010417
1 0.480324 0.373512 0.008267 0.010913
1 0.353340 0.468626 0.026124 0.041915
1 0.304563 0.500248 0.035714 0.055060
1 0.274140 0.528274 0.040344 0.042163
1 0.079365 0.651910 0.065476 0.100942
0 0.938327 0.631572 0.123347 0.142609
0 0.269676 0.637029 0.197421 0.183284
0 0.495536 0.587302 0.098876 0.092262
0 0.512401 0.480035 0.055225 0.055804
0 0.429894 0.425719 0.062831 0.064236
0 0.448413 0.400050 0.028439 0.020833
0 0.531746 0.389137 0.021825 0.016369
0 0.538194 0.377604 0.016865 0.011161
0 0.504630 0.371652 0.017196 0.010665
0 0.511739 0.365327 0.018188 0.009921
1 0.496528 0.363591 0.006283 0.009921
