1 0.586971 0.767733 0.084656 0.151538
1 0.829034 0.790799 0.101852 0.159474
1 0.780754 0.607763 0.052910 0.086062
1 0.576720 0.503596 0.030423 0.054812
1 0.630787 0.478423 0.026786 0.042659
1 0.712302 0.458953 0.017857 0.032490
1 0.743221 0.459449 0.019511 0.038938
1 0.662864 0.451761 0.019511 0.033482
1 0.632440 0.450893 0.014881 0.027778
1 0.644015 0.442460 0.019511 0.032242
1 0.673280 0.463294 0.023810 0.033234
1 0.623677 0.421751 0.016534 0.030010
1 0.556052 0.429936 0.016865 0.029514
1 0.569444 0.401538 0.011905 0.020833
1 0.571098 0.394841 0.010582 0.017361
1 0.588128 0.401290 0.011574 0.016369
1 0.507771 0.434524 0.016865 0.031250
1 0.521660 0.417039 0.018849 0.025546
1 0.545139 0.389137 0.010913 0.017361
1 0.497520 0.401290 0.012897 0.019841
1 0.486938 0.419767 0.015542 0.026042
1 0.487930 0.396825 0.012235 0.019345
1 0.575066 0.382316 0.009259 0.014137
1 0.525959 0.375000 0.010913 0.013393
1 0.513228 0.378100 0.006614 0.012649
1 0.550761 0.370784 0.008267 0.012401
1 0.483135 0.371280 0.007937 0.012401
1 0.470569 0.377852 0.007275 0.012649
1 0.460979 0.396701 0.010582 0.018601
1 0.464616 0.413194 0.015873 0.023810
1 0.462467 0.438988 0.019511 0.034226
1 0.179067 0.615327 0.059854 0.090774
1 0.495370 0.593254 0.102513 0.105655
0 0.940311 0.629960 0.119378 0.141369
3 0.368882 0.475818 0.112103 0.109375
0 0.422288 0.419023 0.041005 0.029018
0 0.523810 0.399430 0.028439 0.020585
0 0.540509 0.382688 0.019511 0.013889
0 0.498347 0.376736 0.018519 0.011905
0 0.520007 0.370660 0.014881 0.011657
0 0.468254 0.375496 0.017857 0.012401
0 0.503472 0.366195 0.018188 0.011161
0 0.494048 0.363219 0.014550 0.010665
1 0.533565 0.366815 0.006283 0.010913
1 0.541667 0.364955 0.007275 0.011161
