1 0.616071 0.949405 0.135582 0.101190
1 0.868386 0.693080 0.079365 0.116319
1 0.041336 0.749504 0.082011 0.150298
1 0.602183 0.542411 0.041005 0.070437
1 0.655423 0.502728 0.031085 0.054067
1 0.645007 0.445685 0.021495 0.031746
1 0.638228 0.458333 0.017857 0.032738
1 0.670635 0.458581 0.023148 0.036210
1 0.696759 0.471230 0.019841 0.036210
1 0.714947 0.461062 0.023810 0.031250
1 0.743056 0.459077 0.025794 0.037698
1 0.632110 0.425347 0.016865 0.027778
1 0.559028 0.439980 0.018849 0.031250
1 0.496858 0.450521 0.022817 0.036458
1 0.518022 0.428199 0.019511 0.028522
1 0.447751 0.452009 0.023148 0.039931
1 0.459656 0.422991 0.018519 0.028026
1 0.486772 0.427083 0.015212 0.028770
1 0.587302 0.403522 0.010582 0.020833
1 0.571594 0.405630 0.012235 0.021577
1 0.571263 0.395213 0.008929 0.016121
1 0.499669 0.406250 0.012566 0.021825
1 0.486276 0.412946 0.013558 0.014881
1 0.482639 0.403398 0.012897 0.023562
1 0.454034 0.401290 0.013228 0.020833
1 0.497189 0.387153 0.010251 0.016865
1 0.541667 0.393849 0.009921 0.015873
1 0.467758 0.380456 0.008267 0.013393
1 0.481978 0.373884 0.007606 0.014633
1 0.512401 0.380580 0.008267 0.013145
1 0.525298 0.377604 0.008267 0.014633
1 0.551587 0.371776 0.009259 0.013393
1 0.576720 0.381696 0.009259 0.014385
1 0.531911 0.368056 0.006283 0.012897
0 0.518849 0.372024 0.016534 0.012897
0 0.541832 0.385169 0.019511 0.015377
0 0.496032 0.378348 0.019180 0.012153
0 0.465774 0.377232 0.019511 0.012401
0 0.524967 0.404018 0.030093 0.021825
0 0.479167 0.671007 0.131614 0.154514
0 0.939980 0.630208 0.120040 0.151786
3 0.334491 0.504960 0.146495 0.130952
0 0.413360 0.426339 0.047619 0.030258
0 0.488922 0.364459 0.014220 0.011161
0 0.502149 0.367188 0.018188 0.012153
