1 0.276620 0.908606 0.137235 0.182788
1 0.878803 0.663566 0.093585 0.125248
1 0.972553 0.617560 0.054894 0.097718
1 0.734788 0.473462 0.037698 0.061012
1 0.761078 0.441220 0.035384 0.046131
1 0.714947 0.396329 0.023148 0.039683
1 0.283234 0.534226 0.049934 0.090774
1 0.370205 0.563368 0.055225 0.094494
1 0.544147 0.395089 0.023479 0.037698
1 0.500331 0.384921 0.021164 0.035714
1 0.461971 0.363839 0.017857 0.032242
1 0.355655 0.389013 0.022817 0.038938
1 0.384094 0.373512 0.019511 0.035218
1 0.427249 0.350074 0.015212 0.025050
1 0.495866 0.335193 0.012897 0.017609
1 0.562665 0.354043 0.014220 0.026042
1 0.551587 0.348958 0.013889 0.023810
1 0.561839 0.338418 0.012566 0.013641
1 0.513062 0.331845 0.013558 0.020337
1 0.541005 0.322297 0.011243 0.017609
1 0.550099 0.313120 0.010913 0.016617
1 0.517857 0.320561 0.008598 0.015625
1 0.514385 0.310392 0.008929 0.015129
1 0.486938 0.309896 0.007606 0.015129
1 0.498347 0.303943 0.008598 0.012153
1 0.458333 0.314112 0.010582 0.010665
1 0.450893 0.307168 0.009590 0.014137
1 0.441799 0.303323 0.006614 0.013393
1 0.462467 0.300967 0.008267 0.014137
1 0.519676 0.300843 0.008929 0.012897
0 0.475529 0.302083 0.019180 0.020337
0 0.453704 0.327753 0.032407 0.022569
0 0.422454 0.322173 0.024140 0.019345
1 0.410714 0.315476 0.009921 0.016369
0 0.493221 0.356027 0.032077 0.027530
0 0.410053 0.390749 0.056217 0.037450
0 0.567956 0.383309 0.043981 0.035962
1 0.655919 0.371404 0.016865 0.031994
0 0.300430 0.383929 0.058532 0.039187
0 0.655423 0.616815 0.180556 0.148313
