1 0.722057 0.622148 0.052579 0.088046
1 0.461475 0.604539 0.043981 0.078125
1 0.026290 0.651538 0.051918 0.091766
1 0.213459 0.568948 0.043320 0.062004
1 0.334325 0.493180 0.025794 0.039435
1 0.392030 0.484003 0.021495 0.034474
1 0.448082 0.488963 0.023810 0.037946
1 0.472057 0.474950 0.019511 0.032738
1 0.473545 0.456597 0.016534 0.026290
1 0.444775 0.462922 0.016534 0.026538
1 0.415344 0.454613 0.016534 0.027778
1 0.443948 0.441592 0.012235 0.022569
1 0.409392 0.428695 0.011243 0.019097
1 0.423776 0.425595 0.010913 0.018353
1 0.440146 0.429563 0.012566 0.018849
1 0.458003 0.422495 0.008598 0.017609
1 0.470403 0.424727 0.008929 0.018601
1 0.487434 0.414559 0.009921 0.015625
1 0.465443 0.403522 0.007606 0.010417
1 0.453538 0.406374 0.006944 0.010665
1 0.445767 0.409970 0.007937 0.014385
1 0.439649 0.406622 0.007606 0.012649
1 0.504134 0.421503 0.013558 0.008681
1 0.515212 0.420883 0.011243 0.015377
1 0.519345 0.405754 0.008929 0.013889
1 0.524802 0.403398 0.005952 0.013641
1 0.513724 0.396453 0.006944 0.010169
1 0.532903 0.406994 0.007606 0.014881
1 0.538194 0.418031 0.007606 0.016617
1 0.545800 0.415055 0.008267 0.015625
1 0.552910 0.410094 0.009259 0.014633
1 0.539848 0.434276 0.012235 0.020833
1 0.568122 0.425719 0.012566 0.018601
1 0.568287 0.442336 0.012897 0.023562
1 0.500992 0.441344 0.015212 0.011161
1 0.604001 0.455481 0.017526 0.026538
1 0.624339 0.438244 0.012566 0.022817
1 0.645833 0.440352 0.013228 0.022569
0 0.411210 0.523065 0.070437 0.085813
3 0.520337 0.482019 0.073743 0.084077
0 0.506283 0.435268 0.034392 0.022321
0 0.505952 0.408606 0.021825 0.017609
0 0.503968 0.401042 0.017857 0.010417
0 0.496197 0.399926 0.016204 0.013145
0 0.426091 0.416543 0.022156 0.014633
0 0.461310 0.415427 0.021825 0.014385
0 0.463459 0.397693 0.013558 0.010665
0 0.477348 0.398810 0.014220 0.014385
0 0.486607 0.396701 0.008929 0.009673
0 0.506614 0.390005 0.012566 0.008185
0 0.485946 0.391493 0.012235 0.008185
0 0.493056 0.388641 0.011243 0.008433
0 0.477017 0.382440 0.012235 0.006944
1 0.486772 0.383557 0.004630 0.006200
1 0.528604 0.389385 0.004960 0.008929
