1 0.185351 0.590774 0.049934 0.070933
1 0.335483 0.655382 0.057870 0.098462
1 0.278274 0.594122 0.045966 0.071181
1 0.410714 0.596354 0.042328 0.072669
1 0.465608 0.543651 0.029101 0.053075
1 0.386078 0.546131 0.030093 0.053571
1 0.425926 0.514509 0.027116 0.045883
1 0.369048 0.503348 0.025132 0.043403
1 0.411872 0.486235 0.021495 0.033978
1 0.513558 0.487103 0.021825 0.022321
1 0.378142 0.452257 0.014881 0.025546
1 0.398313 0.458457 0.017526 0.028522
1 0.428902 0.445809 0.014550 0.023562
1 0.447586 0.447421 0.014220 0.022321
1 0.409061 0.439732 0.013228 0.020833
1 0.389550 0.424975 0.010582 0.017113
1 0.436673 0.422123 0.008267 0.014881
1 0.443452 0.417907 0.007937 0.014385
1 0.464286 0.416791 0.009921 0.015129
1 0.428737 0.416915 0.007606 0.015377
1 0.462302 0.399926 0.005952 0.009673
1 0.490079 0.396205 0.004630 0.008681
1 0.498843 0.394717 0.004960 0.009177
1 0.493717 0.430556 0.011905 0.018849
1 0.507110 0.444940 0.016204 0.016369
1 0.512401 0.438740 0.014220 0.020337
1 0.522983 0.419395 0.010251 0.014881
1 0.522321 0.411706 0.010251 0.008929
1 0.515708 0.407738 0.006944 0.012401
1 0.508102 0.402034 0.007606 0.005952
1 0.526455 0.405630 0.007275 0.011657
1 0.516700 0.399554 0.006283 0.009425
1 0.552249 0.413318 0.009259 0.013641
1 0.541336 0.420883 0.009921 0.015377
1 0.537037 0.416295 0.009259 0.015129
1 0.537202 0.409474 0.008929 0.007440
1 0.548776 0.435392 0.011574 0.019593
1 0.561012 0.430928 0.011574 0.019097
1 0.563327 0.468378 0.018188 0.031002
1 0.670635 0.514757 0.027778 0.044395
1 0.605820 0.485367 0.020503 0.036706
1 0.595569 0.439980 0.013889 0.021825
1 0.625331 0.441840 0.015212 0.023065
1 0.644345 0.444072 0.015542 0.023065
3 0.543155 0.574157 0.146495 0.168155
0 0.501488 0.467882 0.047950 0.037450
0 0.454200 0.433284 0.026786 0.019345
0 0.412037 0.431176 0.027116 0.018601
0 0.504299 0.421627 0.027116 0.021329
0 0.483962 0.408482 0.020172 0.016369
0 0.454365 0.405630 0.016534 0.013145
0 0.472057 0.406126 0.014220 0.017113
0 0.480489 0.396949 0.011243 0.005704
0 0.490906 0.394097 0.011574 0.009425
0 0.507110 0.396949 0.013558 0.010169
1 0.527447 0.395585 0.005291 0.008929
