1 0.279762 0.961806 0.117063 0.076389
1 0.261243 0.733383 0.066138 0.123016
1 0.406746 0.657986 0.052910 0.097222
1 0.359458 0.587550 0.039021 0.074405
1 0.303737 0.559400 0.038029 0.062748
1 0.371197 0.532490 0.030754 0.049603
1 0.500165 0.544519 0.032738 0.057788
1 0.345238 0.485491 0.023148 0.036458
1 0.340774 0.469370 0.020172 0.026042
1 0.396495 0.464286 0.015873 0.029762
1 0.418320 0.464286 0.018519 0.028274
1 0.394180 0.445685 0.015212 0.023313
1 0.415840 0.421007 0.009590 0.016121
1 0.429233 0.427455 0.011905 0.018105
1 0.431052 0.420759 0.010913 0.014633
1 0.457837 0.423363 0.010913 0.016369
1 0.455522 0.400174 0.005622 0.011161
1 0.444610 0.399926 0.005622 0.003720
1 0.491733 0.397817 0.005291 0.009921
1 0.489087 0.396577 0.004630 0.008929
1 0.503968 0.404638 0.007937 0.006696
1 0.524802 0.426091 0.011243 0.017857
1 0.516865 0.421255 0.009921 0.018105
1 0.512897 0.411954 0.007937 0.014881
1 0.522156 0.407986 0.007937 0.012897
1 0.525298 0.397073 0.006283 0.010417
1 0.496032 0.390749 0.004630 0.008681
1 0.531581 0.412078 0.008267 0.014137
1 0.549107 0.412326 0.009590 0.014137
1 0.536706 0.413442 0.008598 0.011409
1 0.538856 0.421131 0.009590 0.016865
1 0.545139 0.427083 0.011574 0.018353
1 0.489914 0.439732 0.012897 0.022321
1 0.503638 0.448661 0.015873 0.022321
1 0.553902 0.446057 0.013889 0.023065
1 0.569114 0.440848 0.013228 0.021577
1 0.603671 0.446925 0.014881 0.024802
1 0.621693 0.441220 0.014550 0.022321
1 0.640377 0.443080 0.014220 0.022569
1 0.509259 0.466394 0.017857 0.030010
1 0.762070 0.591270 0.048611 0.069444
1 0.640542 0.540675 0.031746 0.055060
1 0.580357 0.502976 0.025794 0.042163
1 0.043155 0.835193 0.085648 0.169395
3 0.572421 0.770833 0.318783 0.418651
0 0.487930 0.499132 0.062500 0.050843
0 0.445602 0.446553 0.032077 0.022569
0 0.392857 0.438120 0.031085 0.020089
0 0.498512 0.426959 0.029431 0.024058
0 0.500000 0.413442 0.023810 0.013393
0 0.469907 0.411458 0.021164 0.019841
0 0.480489 0.405754 0.011905 0.012897
0 0.444114 0.407862 0.017196 0.013641
0 0.502149 0.399058 0.014220 0.010417
0 0.484954 0.394841 0.011574 0.008433
0 0.457011 0.398810 0.015212 0.009425
0 0.471892 0.383805 0.013889 0.011161
0 0.476852 0.387277 0.010582 0.006696
