0 0.374504 0.783110 0.225198 0.252728
0 0.414021 0.513765 0.069444 0.051835
0 0.499504 0.442956 0.041997 0.035218
0 0.500496 0.419023 0.030093 0.016121
0 0.453373 0.420387 0.028439 0.029266
0 0.432044 0.408730 0.019511 0.016865
0 0.474868 0.407242 0.021164 0.023313
0 0.503307 0.396081 0.016534 0.012897
0 0.485780 0.389633 0.013228 0.010417
0 0.493386 0.381944 0.011243 0.008929
0 0.503142 0.380332 0.010251 0.008185
0 0.518022 0.378472 0.012897 0.008433
0 0.475860 0.379960 0.011243 0.006944
0 0.469907 0.374628 0.010582 0.007688
0 0.452546 0.393353 0.016865 0.010913
1 0.152116 0.580109 0.050265 0.070437
1 0.237434 0.592386 0.048280 0.075149
1 0.311343 0.574529 0.040013 0.066220
1 0.545304 0.582465 0.043651 0.073661
1 0.660053 0.470114 0.021164 0.033482
1 0.639385 0.486483 0.022156 0.036954
1 0.600364 0.484871 0.022156 0.038194
1 0.494709 0.490947 0.024471 0.038938
1 0.480489 0.476066 0.021164 0.036954
1 0.548942 0.456721 0.019841 0.031002
1 0.579034 0.446429 0.018519 0.026290
1 0.350529 0.471602 0.019180 0.035466
0 0.347222 0.455729 0.045635 0.029514
1 0.409888 0.446305 0.016865 0.027034
1 0.444279 0.440972 0.015542 0.024802
1 0.390708 0.430804 0.012897 0.021825
1 0.416997 0.428695 0.013889 0.021081
1 0.421131 0.406374 0.007606 0.016121
1 0.435351 0.398313 0.009590 0.005952
1 0.504299 0.407862 0.009259 0.009177
1 0.513228 0.405258 0.007937 0.015873
1 0.484623 0.392485 0.006944 0.010169
1 0.456515 0.385417 0.006944 0.005456
1 0.519511 0.392857 0.005952 0.013393
1 0.531085 0.392981 0.006614 0.011657
1 0.531250 0.385541 0.006944 0.009177
1 0.524636 0.388145 0.004960 0.009425
1 0.513393 0.385169 0.004960 0.008433
1 0.506614 0.387525 0.006614 0.006696
1 0.496528 0.390873 0.005622 0.007937
1 0.465443 0.383061 0.005622 0.008681
1 0.526786 0.408358 0.007275 0.015625
1 0.538690 0.410590 0.009921 0.010665
1 0.551422 0.402778 0.008929 0.014385
1 0.556713 0.419023 0.010913 0.017609
1 0.538360 0.423363 0.013228 0.020337
1 0.543651 0.438616 0.017196 0.023562
1 0.644180 0.435020 0.014550 0.022321
1 0.629134 0.432044 0.019511 0.022817
