1 0.242394 0.906250 0.118386 0.187500
1 0.827381 0.849702 0.115741 0.197421
1 0.493552 0.648189 0.054563 0.094990
1 0.561012 0.583953 0.050595 0.079613
1 0.900463 0.643353 0.078042 0.100198
1 0.870701 0.610243 0.073413 0.064236
1 0.812996 0.556920 0.050595 0.070188
1 0.758102 0.521453 0.040013 0.056796
1 0.424272 0.487227 0.022487 0.044395
1 0.552249 0.455729 0.022487 0.018105
1 0.595403 0.475694 0.024802 0.037698
0 0.562665 0.487847 0.055225 0.048611
1 0.514220 0.438244 0.015873 0.031746
1 0.527612 0.428075 0.013558 0.025298
1 0.517361 0.414807 0.011574 0.021081
1 0.542989 0.411210 0.010582 0.019345
1 0.557374 0.412822 0.009590 0.019593
1 0.564649 0.417287 0.010251 0.017609
1 0.571098 0.403150 0.009921 0.017609
1 0.548776 0.396205 0.011574 0.014633
1 0.592758 0.426711 0.012897 0.018601
1 0.450397 0.406250 0.012566 0.007937
1 0.475529 0.407118 0.009921 0.015129
1 0.477844 0.413318 0.009921 0.019593
1 0.495866 0.397941 0.010913 0.006696
0 0.957011 0.740575 0.085979 0.139881
0 0.392361 0.462922 0.046627 0.053819
0 0.468750 0.455977 0.039352 0.039435
0 0.557209 0.440724 0.032407 0.029762
0 0.637897 0.454861 0.048942 0.036706
0 0.439815 0.426835 0.040344 0.044643
0 0.606481 0.442336 0.038360 0.031002
0 0.586475 0.414807 0.026786 0.020585
0 0.494213 0.416047 0.034061 0.031498
3 0.470238 0.394965 0.029101 0.030506
3 0.436508 0.390253 0.032407 0.025546
0 0.466766 0.378348 0.014220 0.005208
0 0.434689 0.369792 0.012235 0.010417
