1 0.262235 0.672371 0.066799 0.111607
1 0.897817 0.648438 0.074735 0.094990
1 0.868717 0.619048 0.073413 0.060020
1 0.809193 0.564360 0.049603 0.067708
1 0.756118 0.528646 0.036706 0.055804
1 0.666336 0.571181 0.039683 0.067460
1 0.605489 0.535962 0.041667 0.050595
1 0.474372 0.488467 0.026124 0.043899
1 0.520668 0.490079 0.026124 0.044643
1 0.520007 0.462302 0.021495 0.031250
1 0.549603 0.441096 0.015873 0.026538
1 0.525298 0.437004 0.015542 0.026290
1 0.508102 0.433036 0.011574 0.025794
1 0.551091 0.419643 0.012897 0.018353
1 0.592262 0.432540 0.013889 0.019841
1 0.574570 0.416543 0.011574 0.016617
1 0.558201 0.405754 0.009259 0.015873
1 0.570437 0.400174 0.006614 0.013145
1 0.571429 0.408606 0.007275 0.014137
1 0.578208 0.404886 0.011574 0.015625
1 0.508598 0.418527 0.011905 0.016121
1 0.529266 0.428447 0.010913 0.019593
1 0.522487 0.422619 0.009259 0.012897
1 0.447421 0.439236 0.014550 0.026786
1 0.437665 0.430928 0.014881 0.018601
1 0.423446 0.428571 0.014220 0.018353
1 0.495040 0.409350 0.009259 0.018105
3 0.465608 0.407118 0.036376 0.036458
3 0.447751 0.398562 0.031746 0.030258
3 0.434524 0.374876 0.012566 0.010665
0 0.485946 0.403398 0.009590 0.015625
0 0.486772 0.438368 0.041005 0.041419
0 0.417328 0.464286 0.056878 0.063988
0 0.960152 0.751488 0.079696 0.147817
0 0.615410 0.615327 0.111111 0.116567
0 0.428737 0.559896 0.079034 0.082589
0 0.323247 0.531498 0.079696 0.088790
0 0.565311 0.477803 0.045966 0.041915
0 0.634755 0.460938 0.051257 0.036458
0 0.604167 0.447917 0.039683 0.033234
0 0.562996 0.429688 0.032077 0.023562
