0 0.279266 0.650174 0.202712 0.220982
0 0.635086 0.642981 0.120040 0.115327
0 0.403108 0.559896 0.084656 0.071181
0 0.480324 0.500000 0.069114 0.077877
0 0.967262 0.753224 0.065476 0.125496
0 0.641369 0.468378 0.050595 0.037946
0 0.611111 0.456101 0.038360 0.030754
0 0.560351 0.460069 0.037368 0.030754
0 0.505622 0.423363 0.026455 0.019345
0 0.484458 0.408606 0.016534 0.013641
3 0.444279 0.434028 0.055225 0.050595
3 0.459987 0.414559 0.032407 0.032490
0 0.437004 0.400794 0.011574 0.010913
0 0.443948 0.394469 0.026786 0.012649
0 0.480985 0.390501 0.020172 0.007192
3 0.435185 0.386533 0.021825 0.013641
1 0.464947 0.394717 0.005952 0.008681
1 0.479167 0.413194 0.008598 0.014881
1 0.482474 0.410094 0.007937 0.015129
1 0.492063 0.411830 0.003968 0.014633
1 0.494874 0.413442 0.006944 0.011409
1 0.482308 0.434152 0.012897 0.021081
1 0.506614 0.440104 0.013228 0.024554
1 0.480655 0.457713 0.022156 0.012153
1 0.489418 0.453001 0.017857 0.021577
1 0.426257 0.479167 0.023810 0.034226
1 0.525959 0.447669 0.016204 0.023810
1 0.520337 0.454613 0.019511 0.017857
1 0.518188 0.466890 0.021164 0.023562
1 0.520172 0.484499 0.021164 0.039931
1 0.547288 0.494792 0.023810 0.043651
1 0.585813 0.503348 0.028108 0.044395
1 0.544974 0.445064 0.014550 0.026042
1 0.561508 0.435268 0.013228 0.021329
1 0.572255 0.428075 0.011574 0.020337
1 0.553406 0.423859 0.010913 0.018353
1 0.564153 0.415799 0.009921 0.018601
1 0.574901 0.412822 0.009590 0.016121
1 0.579365 0.418899 0.011243 0.017361
1 0.592097 0.424107 0.010251 0.018353
1 0.595734 0.417783 0.010251 0.017113
1 0.599206 0.440476 0.014550 0.021329
1 0.526951 0.715774 0.069114 0.128968
1 0.907407 0.658978 0.076720 0.098214
1 0.876157 0.626612 0.074405 0.060268
1 0.815476 0.572421 0.047619 0.067956
1 0.764220 0.536706 0.040344 0.054067
1 0.331515 0.516741 0.033399 0.051339
1 0.388558 0.509921 0.034392 0.036210
1 0.375165 0.487847 0.026124 0.039683
