0 0.374008 0.723958 0.170635 0.181052
0 0.463955 0.564360 0.103175 0.122768
0 0.965443 0.758805 0.069114 0.138641
0 0.582341 0.478547 0.052910 0.036458
0 0.640873 0.470858 0.050265 0.036954
0 0.611111 0.458953 0.034392 0.030506
0 0.501653 0.435764 0.032407 0.023810
0 0.474868 0.423239 0.011905 0.018105
0 0.489914 0.412946 0.020833 0.012897
0 0.483466 0.401910 0.014550 0.010169
0 0.436508 0.401662 0.016534 0.010665
0 0.443618 0.404638 0.015542 0.007688
0 0.446759 0.398189 0.027116 0.014633
3 0.439153 0.390625 0.027778 0.016369
0 0.469246 0.395089 0.017196 0.009921
1 0.134755 0.671999 0.076389 0.109871
1 0.269511 0.630332 0.056878 0.091022
1 0.300430 0.555804 0.038690 0.060020
1 0.368552 0.547619 0.035384 0.055060
1 0.563161 0.568700 0.039021 0.064980
1 0.632937 0.571057 0.041005 0.069692
1 0.538690 0.538194 0.032407 0.058532
1 0.524306 0.510417 0.026124 0.048115
1 0.458995 0.494792 0.028439 0.024306
1 0.465112 0.482143 0.022156 0.029762
1 0.540840 0.492684 0.024140 0.037946
1 0.513228 0.473338 0.017857 0.033978
1 0.535218 0.463666 0.018188 0.029514
1 0.478671 0.452877 0.016204 0.026290
1 0.497685 0.459821 0.017196 0.031746
1 0.554067 0.450769 0.016204 0.025546
1 0.546296 0.436880 0.013228 0.021081
1 0.564153 0.440352 0.011243 0.023065
1 0.556713 0.431424 0.011574 0.017113
1 0.579530 0.434028 0.013558 0.021329
1 0.588459 0.427083 0.008929 0.017857
1 0.566138 0.426711 0.009259 0.014633
1 0.597718 0.421255 0.009590 0.015625
1 0.600860 0.427827 0.010582 0.018849
1 0.498677 0.418403 0.011243 0.014385
1 0.487269 0.420139 0.010251 0.016369
1 0.475860 0.415427 0.010582 0.014385
1 0.476687 0.405382 0.005622 0.012153
3 0.428571 0.449405 0.062831 0.063492
3 0.449901 0.422991 0.040013 0.037946
1 0.903935 0.661706 0.068452 0.099702
1 0.871362 0.622272 0.066799 0.070933
1 0.815476 0.575273 0.046296 0.069692
1 0.763062 0.538938 0.038029 0.055556
