1 0.063823 0.949157 0.121693 0.101687
1 0.653108 0.907986 0.121693 0.184028
1 0.750992 0.765997 0.091931 0.163938
1 0.342923 0.744172 0.083333 0.149058
1 0.511574 0.629712 0.050926 0.103671
1 0.588128 0.578125 0.044643 0.076885
1 0.501488 0.558656 0.036706 0.066716
1 0.448247 0.541295 0.034722 0.057292
1 0.555225 0.515005 0.028439 0.052827
1 0.816964 0.574157 0.049934 0.068948
1 0.873181 0.625124 0.069114 0.067708
1 0.905258 0.660838 0.077712 0.093998
1 0.763724 0.538690 0.038029 0.055556
1 0.542659 0.480531 0.021164 0.035962
1 0.573743 0.467758 0.019841 0.031746
1 0.522983 0.464782 0.017526 0.031250
1 0.561508 0.456969 0.014550 0.027530
1 0.573247 0.454241 0.014220 0.018105
1 0.539187 0.449653 0.014220 0.024306
1 0.531911 0.444320 0.012235 0.024554
1 0.573413 0.443700 0.013228 0.019841
1 0.564649 0.436384 0.011574 0.020089
1 0.541997 0.437252 0.011243 0.013889
1 0.543981 0.433160 0.012566 0.019097
1 0.599041 0.441964 0.016204 0.020337
1 0.577546 0.427951 0.011574 0.019593
1 0.564153 0.419519 0.009921 0.016121
1 0.558697 0.412574 0.008267 0.015625
1 0.551422 0.411458 0.009590 0.015377
1 0.580522 0.416171 0.009590 0.014385
1 0.500000 0.444940 0.013889 0.024802
1 0.505787 0.429067 0.011574 0.019345
1 0.492725 0.438244 0.011243 0.020337
1 0.488095 0.433284 0.013889 0.019345
1 0.464451 0.429315 0.011574 0.017361
1 0.480324 0.417411 0.009590 0.016369
1 0.488757 0.414311 0.008598 0.016121
1 0.495866 0.408854 0.007606 0.010169
1 0.449239 0.415179 0.010251 0.014385
1 0.476852 0.406994 0.008598 0.012401
1 0.486938 0.400422 0.006283 0.013145
0 0.438492 0.404390 0.017857 0.013145
0 0.460152 0.407490 0.020172 0.013393
0 0.464947 0.411954 0.022487 0.013889
0 0.462798 0.420263 0.022817 0.018105
0 0.501653 0.420139 0.023810 0.017857
0 0.458333 0.397321 0.030423 0.014881
3 0.445106 0.390625 0.029101 0.016369
0 0.471065 0.443328 0.028108 0.025050
3 0.424934 0.443328 0.056217 0.055308
0 0.483466 0.486607 0.055556 0.044147
3 0.358466 0.510293 0.130952 0.118800
0 0.964616 0.756696 0.070767 0.129464
0 0.661376 0.521453 0.091270 0.055804
0 0.643022 0.470362 0.049272 0.035466
0 0.611276 0.457465 0.037368 0.030010
