3 0.165509 0.668031 0.330357 0.298859
3 0.379795 0.479539 0.094246 0.085565
3 0.445271 0.390625 0.026124 0.016369
3 0.441634 0.381200 0.010251 0.004960
1 0.435351 0.399430 0.006283 0.011657
1 0.440146 0.398065 0.005952 0.010417
1 0.451224 0.396329 0.007606 0.003472
1 0.446263 0.423611 0.008267 0.018353
1 0.478836 0.425099 0.009921 0.018849
1 0.490245 0.421131 0.011574 0.018353
1 0.493552 0.413318 0.008929 0.013145
1 0.506118 0.413690 0.008929 0.009921
1 0.503307 0.416419 0.007937 0.005456
1 0.500992 0.429936 0.011243 0.017113
1 0.500496 0.442832 0.012897 0.023065
1 0.435020 0.454241 0.016204 0.027530
1 0.477513 0.456845 0.017857 0.027778
1 0.495866 0.464038 0.018849 0.030754
1 0.536541 0.430680 0.012235 0.021577
1 0.553075 0.431920 0.011574 0.020089
1 0.563823 0.419271 0.009259 0.015625
1 0.569610 0.424355 0.010913 0.016865
1 0.579696 0.418031 0.010582 0.017113
1 0.586640 0.419519 0.009921 0.018105
1 0.591601 0.428943 0.011243 0.020585
1 0.599041 0.442460 0.013558 0.019841
1 0.526290 0.451017 0.016204 0.028026
1 0.537037 0.458085 0.014550 0.022817
1 0.529431 0.467758 0.017857 0.032738
1 0.536376 0.480283 0.017857 0.034970
1 0.551091 0.489831 0.018849 0.041171
1 0.555721 0.452753 0.015542 0.027034
1 0.564153 0.455605 0.013889 0.026786
1 0.569940 0.467138 0.017526 0.033978
1 0.474041 0.492312 0.022817 0.041171
1 0.498181 0.528026 0.030754 0.054067
1 0.566303 0.577133 0.041336 0.070933
1 0.671131 0.732639 0.076389 0.147321
1 0.907738 0.661582 0.076058 0.096974
1 0.875496 0.628720 0.071759 0.074405
1 0.817130 0.576637 0.049603 0.068948
1 0.762566 0.539559 0.041005 0.056300
1 0.711144 0.482763 0.051257 0.037946
0 0.685020 0.532862 0.100198 0.060268
0 0.442130 0.597470 0.111772 0.098710
0 0.457507 0.473586 0.041336 0.037450
0 0.459987 0.429812 0.028439 0.021825
0 0.505622 0.427951 0.025132 0.019097
0 0.474372 0.416543 0.022817 0.015625
0 0.471065 0.411706 0.020833 0.014385
0 0.450728 0.409226 0.019841 0.015377
0 0.454034 0.402530 0.017857 0.010417
0 0.470569 0.398189 0.035714 0.015625
0 0.964782 0.756944 0.070437 0.134425
0 0.642030 0.470238 0.049272 0.034722
0 0.610615 0.458333 0.036706 0.031250
