3 0.205357 0.592262 0.251323 0.194444
1 0.322255 0.725818 0.079034 0.139137
1 0.568452 0.614831 0.046958 0.092262
1 0.584821 0.561384 0.038690 0.065228
1 0.476025 0.551711 0.032738 0.059772
1 0.375331 0.525298 0.031085 0.052083
1 0.441303 0.528646 0.031415 0.053819
1 0.530258 0.523189 0.026124 0.046379
1 0.595734 0.522073 0.032738 0.054067
1 0.550595 0.507068 0.025132 0.044395
1 0.588128 0.487971 0.024140 0.033978
1 0.571263 0.479787 0.018849 0.036954
1 0.506614 0.488343 0.024471 0.042163
1 0.487269 0.473090 0.022817 0.034474
1 0.515708 0.456473 0.016865 0.029514
1 0.552910 0.461806 0.017857 0.030258
1 0.554233 0.448785 0.015873 0.020089
1 0.528108 0.449405 0.015212 0.026786
1 0.569279 0.443700 0.014220 0.024306
1 0.492560 0.447793 0.016204 0.028522
1 0.555556 0.436384 0.012566 0.021577
1 0.550430 0.431300 0.012235 0.020833
1 0.572751 0.429315 0.011905 0.020833
1 0.581515 0.422371 0.010251 0.018353
1 0.602348 0.425595 0.009590 0.018353
1 0.597553 0.439732 0.013228 0.020337
1 0.566303 0.425347 0.011574 0.021329
1 0.461144 0.438244 0.015542 0.023810
1 0.469246 0.432292 0.011905 0.020833
1 0.501488 0.420139 0.011574 0.014881
1 0.510582 0.425471 0.009259 0.010665
1 0.514220 0.422495 0.010582 0.016617
1 0.394511 0.429439 0.021164 0.021577
1 0.553902 0.403770 0.011905 0.012897
1 0.454530 0.398934 0.007606 0.010169
1 0.465608 0.399430 0.008598 0.010169
0 0.436673 0.401166 0.022817 0.016617
0 0.449239 0.400918 0.009590 0.013641
0 0.475860 0.403894 0.017857 0.009177
0 0.460979 0.412078 0.019180 0.016617
0 0.478836 0.415427 0.023148 0.017361
0 0.477183 0.421999 0.024471 0.018601
0 0.502646 0.438740 0.030423 0.023810
0 0.442460 0.448289 0.039021 0.029018
0 0.401951 0.601314 0.098876 0.095486
0 0.684193 0.529514 0.098545 0.059524
0 0.640212 0.468502 0.049603 0.036706
0 0.611111 0.455729 0.035053 0.031002
0 0.596726 0.415179 0.019511 0.015873
1 0.761739 0.536210 0.035384 0.056548
1 0.815642 0.573289 0.049272 0.070188
1 0.870205 0.619916 0.067791 0.070685
1 0.904266 0.660714 0.073743 0.099702
3 0.447090 0.388393 0.027116 0.017361
3 0.440642 0.378348 0.012235 0.004712
0 0.466270 0.391989 0.011243 0.007688
0 0.432044 0.390377 0.017526 0.009921
