1 0.376323 0.832961 0.082672 0.197173
1 0.548115 0.584077 0.038029 0.077877
1 0.357308 0.570312 0.043981 0.070188
1 0.462136 0.547123 0.030754 0.061012
1 0.509755 0.521329 0.030093 0.055556
1 0.568948 0.493552 0.035384 0.045139
1 0.512235 0.484375 0.023148 0.036210
1 0.560681 0.459449 0.018849 0.031498
1 0.611772 0.465030 0.033730 0.037698
1 0.507275 0.420635 0.013228 0.015377
1 0.908565 0.652778 0.075728 0.096230
1 0.875165 0.621776 0.071098 0.061508
1 0.818122 0.566592 0.048942 0.068204
1 0.766534 0.530258 0.037698 0.056548
1 0.708829 0.477555 0.036706 0.038938
1 0.013724 0.880456 0.026786 0.137897
1 0.842923 0.958085 0.139550 0.083829
1 0.605324 0.430804 0.014220 0.013889
1 0.601190 0.427579 0.013228 0.016865
1 0.581349 0.418775 0.010582 0.018601
1 0.593750 0.409474 0.009590 0.016369
1 0.562335 0.404266 0.010913 0.014385
1 0.578373 0.410962 0.009921 0.013889
1 0.580357 0.399306 0.011243 0.010417
1 0.579200 0.404886 0.008929 0.008681
1 0.451224 0.397817 0.006283 0.014385
1 0.489418 0.398189 0.008598 0.013641
1 0.496858 0.395957 0.006944 0.013641
1 0.504299 0.400794 0.007275 0.008929
1 0.499835 0.400546 0.004960 0.011905
1 0.447090 0.385541 0.004630 0.008185
1 0.450893 0.386037 0.004299 0.008681
1 0.446925 0.392609 0.008267 0.010913
1 0.458829 0.390997 0.005622 0.006696
0 0.406911 0.620908 0.128638 0.112351
0 0.401951 0.484747 0.062500 0.045387
0 0.481151 0.468006 0.051587 0.041171
0 0.966766 0.754960 0.066468 0.132937
0 0.689980 0.524306 0.096892 0.059028
0 0.644015 0.499256 0.106151 0.045635
0 0.646495 0.460689 0.048280 0.034474
0 0.615245 0.448785 0.036045 0.027034
0 0.561012 0.432912 0.030093 0.022569
0 0.504464 0.441468 0.029431 0.027282
0 0.434358 0.443328 0.038029 0.030010
0 0.505622 0.414311 0.025794 0.020089
0 0.480820 0.407490 0.019841 0.022817
0 0.467758 0.402034 0.024802 0.022817
3 0.445933 0.374008 0.011574 0.010913
3 0.471065 0.385045 0.045304 0.020585
0 0.442791 0.390749 0.011905 0.009673
0 0.434689 0.394097 0.018188 0.011409
