1 0.046792 0.938492 0.092923 0.123016
1 0.736607 0.965526 0.096230 0.068948
1 0.428902 0.702133 0.052249 0.109127
1 0.677910 0.679688 0.054233 0.108383
1 0.603175 0.572669 0.035714 0.056052
1 0.483631 0.549727 0.026786 0.048363
1 0.555390 0.530134 0.022817 0.041915
1 0.596561 0.542411 0.029101 0.041667
1 0.500000 0.514633 0.021164 0.036210
1 0.532573 0.508929 0.017526 0.032738
1 0.458995 0.498140 0.015212 0.031994
1 0.767196 0.580233 0.037037 0.056300
1 0.915675 0.705977 0.079365 0.101935
1 0.881614 0.668031 0.058862 0.079117
1 0.821098 0.617063 0.049603 0.071925
1 0.504960 0.487475 0.016534 0.026538
1 0.520999 0.483631 0.014220 0.025794
1 0.552414 0.488343 0.015542 0.026786
1 0.571263 0.481647 0.013558 0.025298
1 0.561673 0.476190 0.010913 0.023313
1 0.538360 0.468998 0.011905 0.019841
1 0.526455 0.469742 0.011905 0.020833
1 0.505787 0.474702 0.013558 0.020833
1 0.487599 0.470858 0.008929 0.018105
1 0.506779 0.464286 0.009590 0.008929
1 0.601190 0.476314 0.012566 0.023065
1 0.611607 0.470114 0.010251 0.020089
1 0.416336 0.483135 0.017857 0.013889
0 0.352513 0.576265 0.078704 0.085565
0 0.416005 0.518849 0.069444 0.061508
0 0.691634 0.571677 0.098876 0.059028
0 0.657738 0.535838 0.075397 0.041915
0 0.647652 0.505208 0.051257 0.030258
0 0.616567 0.496652 0.037368 0.030506
0 0.466601 0.477555 0.040344 0.044891
0 0.584987 0.450893 0.037037 0.036706
0 0.506779 0.459077 0.021495 0.015873
0 0.472222 0.453869 0.019180 0.010417
0 0.487599 0.451265 0.018188 0.016617
0 0.493552 0.448909 0.018188 0.013393
0 0.460483 0.449033 0.020172 0.015625
0 0.464451 0.437004 0.018849 0.008929
0 0.450893 0.435764 0.012235 0.009921
0 0.473876 0.431796 0.017857 0.010913
0 0.454200 0.430680 0.014220 0.007192
3 0.448578 0.421255 0.011574 0.012649
1 0.473380 0.444568 0.008267 0.008681
