1 0.766204 0.860367 0.100529 0.178075
1 0.462632 0.608383 0.037698 0.068452
1 0.638558 0.607019 0.048280 0.066220
1 0.613095 0.573165 0.034392 0.056052
1 0.556052 0.554439 0.031415 0.051339
1 0.519676 0.531870 0.024140 0.041419
1 0.486772 0.548487 0.028439 0.048363
1 0.442956 0.520337 0.022156 0.038194
1 0.502480 0.506572 0.020172 0.031498
1 0.561343 0.497644 0.018849 0.029018
1 0.484623 0.482639 0.014220 0.024802
1 0.513558 0.496528 0.017857 0.029762
1 0.506779 0.482763 0.018188 0.020089
1 0.500661 0.477803 0.010582 0.020089
1 0.522983 0.478051 0.013558 0.023065
1 0.572751 0.487227 0.016534 0.026538
1 0.541997 0.477307 0.012566 0.022073
1 0.552414 0.482019 0.014220 0.024554
1 0.911376 0.705357 0.070106 0.099702
1 0.876984 0.672867 0.061508 0.084325
1 0.819114 0.612227 0.048942 0.062252
1 0.764881 0.578745 0.037698 0.057292
1 0.399306 0.505952 0.020172 0.022321
1 0.601687 0.482515 0.010251 0.015129
1 0.597553 0.476811 0.013889 0.021577
1 0.606647 0.470734 0.012235 0.020833
1 0.462467 0.459201 0.012897 0.005208
1 0.472718 0.448165 0.008929 0.011409
1 0.503307 0.448909 0.008598 0.013393
1 0.446759 0.446305 0.008598 0.010169
1 0.442295 0.440724 0.006944 0.010913
1 0.487103 0.442336 0.005952 0.008185
1 0.495701 0.443204 0.006614 0.004960
0 0.452381 0.490823 0.050265 0.050099
0 0.505456 0.464906 0.022817 0.017609
0 0.462136 0.469742 0.026786 0.017857
0 0.470569 0.460193 0.017857 0.015129
0 0.488922 0.454613 0.019511 0.017361
0 0.461475 0.452009 0.024802 0.016121
0 0.468585 0.445312 0.018519 0.009177
0 0.465608 0.439856 0.019180 0.009673
0 0.451224 0.437004 0.014220 0.009425
0 0.471726 0.434276 0.022156 0.013889
0 0.372520 0.559152 0.098214 0.088542
0 0.232143 0.680804 0.144180 0.163690
0 0.970073 0.808160 0.059854 0.133185
0 0.688492 0.572545 0.099206 0.060268
0 0.657738 0.540303 0.068122 0.042411
0 0.643519 0.508805 0.048942 0.034970
0 0.612930 0.495908 0.036706 0.030506
3 0.575562 0.456225 0.051257 0.038938
3 0.445271 0.421999 0.011574 0.010665
0 0.435020 0.435888 0.014881 0.009177
0 0.452381 0.432540 0.015873 0.008433
