1 0.577381 0.908606 0.092593 0.182788
1 0.139550 0.802083 0.093254 0.152778
1 0.199405 0.652282 0.056217 0.084325
1 0.589616 0.728671 0.070767 0.128968
1 0.558697 0.657118 0.047288 0.083085
1 0.573082 0.619544 0.041005 0.062500
1 0.508102 0.600322 0.040013 0.065724
1 0.579696 0.591146 0.033730 0.051835
1 0.534226 0.574033 0.030093 0.055804
1 0.551918 0.556920 0.025794 0.049355
1 0.798776 0.620288 0.047950 0.071925
1 0.854497 0.674603 0.067460 0.059524
1 0.890708 0.709077 0.076389 0.098710
1 0.430886 0.596478 0.031746 0.061012
1 0.405093 0.566716 0.027116 0.048611
1 0.368717 0.547247 0.025132 0.043403
1 0.403935 0.514137 0.020172 0.033234
1 0.413360 0.494792 0.016534 0.025794
1 0.744213 0.583333 0.039352 0.059028
1 0.554729 0.508185 0.020833 0.029762
1 0.512566 0.500000 0.017196 0.027778
1 0.535053 0.491071 0.014550 0.023810
1 0.504795 0.486235 0.014220 0.023065
1 0.558366 0.483631 0.012897 0.016369
1 0.476521 0.475694 0.011243 0.019345
1 0.494544 0.479043 0.012897 0.023065
1 0.538690 0.480903 0.010582 0.018353
1 0.572255 0.472098 0.009590 0.017609
0 0.893022 0.961186 0.213955 0.077629
0 0.959987 0.817584 0.080026 0.150546
0 0.380126 0.683904 0.114749 0.115327
0 0.678902 0.649926 0.109788 0.099454
0 0.491733 0.528646 0.056217 0.043403
0 0.453042 0.499628 0.041667 0.031994
0 0.437831 0.471354 0.037037 0.030506
0 0.623347 0.515129 0.048280 0.035714
0 0.738922 0.549975 0.116071 0.039435
0 0.591931 0.501364 0.036376 0.030506
0 0.541005 0.469990 0.024471 0.016865
0 0.557870 0.463170 0.022487 0.018105
0 0.470734 0.461062 0.022156 0.015377
0 0.431052 0.454117 0.020172 0.014385
0 0.439980 0.437748 0.017526 0.011905
0 0.417659 0.444816 0.014550 0.011657
0 0.433697 0.442212 0.017526 0.006944
1 0.489914 0.465650 0.008929 0.016617
1 0.533896 0.457465 0.008929 0.012153
1 0.482308 0.457217 0.007606 0.015129
0 0.452546 0.447421 0.015542 0.011409
