0 0.665179 0.826513 0.208664 0.277034
0 0.232308 0.822669 0.307209 0.307540
0 0.820437 0.535466 0.185185 0.125496
0 0.737434 0.461558 0.066799 0.044147
0 0.646164 0.413318 0.048280 0.042411
1 0.618882 0.467138 0.026124 0.043403
1 0.654927 0.528026 0.041336 0.066964
0 0.558036 0.431052 0.038029 0.033730
0 0.537533 0.406250 0.027447 0.024306
0 0.489418 0.404638 0.031085 0.024554
0 0.510086 0.380704 0.021495 0.024306
0 0.521991 0.371156 0.014881 0.015625
0 0.473380 0.370660 0.016204 0.020585
0 0.503803 0.366071 0.018849 0.014881
0 0.529431 0.357019 0.015212 0.010665
0 0.483135 0.351190 0.011243 0.010417
0 0.466601 0.344618 0.015873 0.012153
3 0.505126 0.354291 0.022156 0.022073
3 0.443618 0.349082 0.011574 0.018105
1 0.759755 0.692708 0.083003 0.131944
1 0.594577 0.585938 0.050265 0.088046
1 0.504299 0.573413 0.046296 0.083829
1 0.543981 0.522073 0.037698 0.063492
1 0.594246 0.492684 0.029762 0.054315
1 0.478836 0.471106 0.025794 0.045883
1 0.370866 0.536458 0.041336 0.065972
1 0.254630 0.563988 0.053571 0.081349
1 0.285384 0.441220 0.037698 0.040179
1 0.469246 0.430060 0.019841 0.033234
1 0.602513 0.437872 0.019180 0.033978
1 0.591435 0.411210 0.015542 0.024802
1 0.617229 0.409474 0.012897 0.026290
1 0.568287 0.393725 0.011574 0.020585
1 0.459821 0.408358 0.014881 0.025546
1 0.514550 0.413442 0.015212 0.025794
1 0.503472 0.435640 0.020172 0.034474
1 0.504630 0.395461 0.011905 0.022073
1 0.430556 0.392237 0.012566 0.019097
1 0.483300 0.383185 0.010251 0.017361
1 0.484458 0.367063 0.007275 0.013889
1 0.464947 0.353051 0.005952 0.011161
1 0.554729 0.390501 0.014220 0.019097
1 0.542989 0.390873 0.013228 0.011905
1 0.536045 0.383681 0.011905 0.017361
1 0.559028 0.375496 0.008929 0.015873
1 0.550265 0.367436 0.007937 0.012153
1 0.543320 0.352183 0.009259 0.013393
1 0.592593 0.380952 0.011243 0.016865
0 0.489253 0.345362 0.010913 0.006696
1 0.699735 0.436632 0.027778 0.031498
