1 0.617229 0.914187 0.118717 0.171627
1 0.481978 0.666171 0.062500 0.115575
1 0.311177 0.714162 0.074074 0.125744
1 0.476852 0.538442 0.036376 0.059524
1 0.406415 0.516493 0.031085 0.055804
1 0.349702 0.448289 0.024802 0.029514
1 0.492063 0.458085 0.019841 0.034722
1 0.467097 0.447421 0.017526 0.030754
1 0.634094 0.472470 0.026124 0.037698
1 0.590939 0.468502 0.020503 0.039187
1 0.688823 0.461558 0.026455 0.032242
1 0.552745 0.444816 0.018188 0.029018
1 0.571759 0.443328 0.016534 0.027034
1 0.579861 0.435888 0.016204 0.025050
1 0.583333 0.420759 0.013889 0.018601
1 0.563823 0.413690 0.011243 0.018353
1 0.557540 0.428571 0.015212 0.021329
1 0.520007 0.438740 0.018188 0.028274
1 0.532738 0.431300 0.014550 0.025298
1 0.525298 0.400546 0.009590 0.015873
1 0.542493 0.408730 0.009590 0.018353
1 0.556713 0.406746 0.011574 0.017857
1 0.485946 0.408358 0.010913 0.020089
1 0.477183 0.410962 0.005291 0.017857
1 0.478175 0.394965 0.008598 0.015129
1 0.461806 0.390749 0.008267 0.014137
1 0.446098 0.389757 0.006614 0.013145
1 0.487103 0.379712 0.005291 0.011409
0 0.460979 0.371900 0.015873 0.015129
0 0.472718 0.383805 0.014881 0.012153
0 0.478009 0.377480 0.013558 0.010913
0 0.473380 0.372520 0.010251 0.008433
3 0.505622 0.367932 0.015873 0.014137
0 0.533399 0.390997 0.017857 0.013641
0 0.542659 0.398189 0.017857 0.015129
0 0.501984 0.401414 0.022487 0.017609
0 0.510251 0.409474 0.021164 0.018849
0 0.463459 0.413566 0.022817 0.029018
0 0.501984 0.427455 0.028439 0.033978
0 0.534722 0.463666 0.039021 0.035962
0 0.439815 0.474702 0.057540 0.041667
0 0.726190 0.486483 0.064815 0.042907
0 0.814815 0.564112 0.199074 0.127728
0 0.568122 0.552827 0.076720 0.076389
0 0.636243 0.438368 0.048280 0.041419
1 0.608796 0.453869 0.018519 0.033234
1 0.583499 0.404018 0.010913 0.016865
1 0.556548 0.385293 0.007937 0.013145
3 0.502315 0.385913 0.026455 0.028770
