1 0.789517 0.796379 0.094907 0.151786
1 0.497024 0.705977 0.059524 0.115327
1 0.436839 0.640749 0.044974 0.088046
1 0.449074 0.564236 0.038360 0.059028
1 0.607143 0.571057 0.043651 0.055308
1 0.676091 0.583085 0.039352 0.070437
1 0.643684 0.555308 0.032738 0.055060
1 0.491567 0.527902 0.026786 0.048363
1 0.556217 0.512773 0.024471 0.038938
1 0.629464 0.532490 0.024140 0.043651
1 0.620370 0.512029 0.024471 0.037450
1 0.622520 0.489583 0.019511 0.025794
1 0.692626 0.495412 0.029431 0.033482
1 0.599868 0.479167 0.016534 0.029762
1 0.580688 0.469990 0.015212 0.025298
1 0.552249 0.473586 0.012566 0.028522
1 0.561673 0.494172 0.019511 0.029018
1 0.442295 0.469866 0.016865 0.028522
1 0.460152 0.454613 0.013558 0.021825
1 0.478836 0.450893 0.013889 0.016865
1 0.538856 0.464534 0.013558 0.023313
0 0.483135 0.499380 0.045635 0.050347
1 0.428902 0.449529 0.013889 0.021081
1 0.448743 0.445561 0.009921 0.019097
1 0.485615 0.429439 0.008267 0.015625
1 0.453538 0.428075 0.008267 0.014881
1 0.556217 0.430680 0.009259 0.013641
1 0.528604 0.432912 0.008929 0.015625
0 0.414021 0.488839 0.046296 0.049107
1 0.474206 0.469742 0.017196 0.011409
0 0.488426 0.462674 0.037037 0.025050
0 0.559689 0.453993 0.026124 0.022073
0 0.548942 0.441220 0.023810 0.017857
0 0.514385 0.452629 0.030754 0.023313
0 0.638393 0.474454 0.036706 0.042163
0 0.465774 0.433284 0.019511 0.015377
0 0.481978 0.410342 0.012897 0.009673
0 0.479828 0.422247 0.016534 0.011657
0 0.459160 0.413194 0.020833 0.018849
3 0.509094 0.433532 0.032077 0.036706
1 0.536872 0.430680 0.008267 0.015129
1 0.542163 0.425595 0.007606 0.013393
3 0.508102 0.408730 0.018188 0.019841
0 0.521660 0.407986 0.010251 0.009425
3 0.439649 0.404266 0.010913 0.016369
3 0.444610 0.398189 0.014881 0.016121
3 0.457837 0.397073 0.014881 0.015873
1 0.470569 0.411706 0.004630 0.009921
1 0.496362 0.407986 0.005291 0.011409
0 0.550595 0.407614 0.017857 0.008681
1 0.549769 0.417907 0.009590 0.014385
1 0.532077 0.410218 0.005952 0.009921
1 0.541501 0.410962 0.006283 0.009921
0 0.495866 0.405010 0.008267 0.007937
0 0.239253 0.758929 0.218585 0.190972
0 0.821925 0.601687 0.208664 0.131448
0 0.540675 0.583581 0.071429 0.072917
0 0.731151 0.521701 0.066799 0.044891
