0 0.575231 0.884177 0.208003 0.231647
1 0.579365 0.669643 0.062169 0.117063
1 0.516038 0.606027 0.045304 0.081101
1 0.663856 0.584201 0.051257 0.056300
1 0.703042 0.568328 0.040344 0.062748
1 0.631944 0.564236 0.036376 0.063492
1 0.563327 0.575273 0.040013 0.072669
1 0.556052 0.540427 0.033399 0.043651
1 0.503803 0.530382 0.033399 0.054315
1 0.515542 0.503720 0.023810 0.040675
1 0.503638 0.484003 0.020503 0.034970
1 0.566138 0.485367 0.021825 0.029266
1 0.544147 0.480407 0.018849 0.031250
1 0.547784 0.459821 0.016865 0.021329
1 0.566634 0.464658 0.017526 0.025050
1 0.604332 0.493924 0.022156 0.039931
1 0.597884 0.468874 0.017857 0.028026
1 0.613757 0.485987 0.019180 0.036954
1 0.645999 0.519593 0.030093 0.047619
1 0.665840 0.507937 0.024802 0.042659
1 0.642692 0.487599 0.022156 0.031250
1 0.632606 0.476438 0.019180 0.030754
1 0.618386 0.456721 0.015873 0.025546
1 0.590278 0.445685 0.014550 0.020833
1 0.614914 0.435268 0.012235 0.018353
1 0.574735 0.438988 0.011905 0.020337
1 0.543155 0.441096 0.012235 0.019097
1 0.586971 0.436260 0.011243 0.018353
1 0.574735 0.426215 0.008598 0.016121
1 0.566138 0.429439 0.007937 0.016617
1 0.527447 0.441592 0.011905 0.020585
1 0.532573 0.429191 0.009590 0.017113
1 0.559524 0.417535 0.008598 0.009177
1 0.569444 0.413070 0.007275 0.012153
1 0.582672 0.412822 0.007275 0.012153
1 0.505291 0.440352 0.012566 0.010665
1 0.511905 0.438492 0.011243 0.014385
1 0.488426 0.421503 0.009259 0.014137
1 0.478671 0.415179 0.008267 0.011905
1 0.431548 0.462302 0.016534 0.025298
1 0.437831 0.455357 0.011905 0.022321
1 0.369874 0.524306 0.029431 0.049603
1 0.237599 0.497520 0.049934 0.039683
1 0.555225 0.402778 0.006614 0.008433
1 0.540013 0.399926 0.005291 0.008681
1 0.544147 0.399430 0.004960 0.008681
0 0.707341 0.655010 0.122354 0.118552
0 0.427745 0.554936 0.092923 0.074157
0 0.405423 0.475818 0.055556 0.030506
0 0.578373 0.522321 0.058201 0.050595
0 0.756779 0.514757 0.069114 0.049355
1 0.721230 0.487103 0.029101 0.033730
0 0.510417 0.456473 0.032738 0.024058
0 0.468254 0.451017 0.029101 0.032490
0 0.468419 0.430184 0.030093 0.023562
0 0.551753 0.431052 0.024802 0.024802
0 0.538360 0.421503 0.015873 0.013641
0 0.496032 0.416667 0.006614 0.013889
0 0.531746 0.407118 0.015212 0.012153
0 0.493386 0.405878 0.015212 0.014137
0 0.505787 0.400670 0.010913 0.008681
0 0.516204 0.398313 0.013228 0.009425
0 0.528604 0.398189 0.012897 0.010665
0 0.554398 0.401042 0.011574 0.009425
3 0.470073 0.400670 0.024140 0.019593
3 0.492394 0.395709 0.017857 0.017609
3 0.505787 0.389013 0.018849 0.010665
3 0.478836 0.392113 0.018519 0.014881
