1 0.925926 0.949777 0.138228 0.100446
1 0.368552 0.631820 0.059854 0.105903
1 0.630952 0.502976 0.030423 0.048611
1 0.588294 0.494792 0.026455 0.047619
1 0.668155 0.467014 0.024140 0.034722
1 0.493882 0.457465 0.020833 0.031498
1 0.534226 0.451637 0.018188 0.024802
1 0.513889 0.427207 0.013889 0.021577
1 0.501323 0.421379 0.011905 0.019841
1 0.480655 0.425719 0.012897 0.021577
1 0.564153 0.415675 0.012566 0.018353
1 0.450728 0.422619 0.011905 0.020833
1 0.533069 0.407862 0.010582 0.014633
1 0.516534 0.413938 0.009921 0.017857
1 0.509921 0.412450 0.009259 0.016865
1 0.437996 0.395461 0.007606 0.013145
1 0.475198 0.407490 0.005952 0.016369
1 0.502811 0.399058 0.006283 0.013889
1 0.497685 0.396329 0.003968 0.011905
1 0.508102 0.390377 0.005622 0.012401
1 0.512235 0.392609 0.005291 0.011409
1 0.533730 0.398438 0.007937 0.012649
1 0.493882 0.387029 0.006283 0.009673
1 0.500165 0.382688 0.004299 0.008929
1 0.507110 0.385045 0.005622 0.007688
1 0.520007 0.386037 0.007606 0.008681
0 0.595403 0.710689 0.161706 0.168403
0 0.109788 0.797123 0.218915 0.246032
0 0.163525 0.481275 0.155093 0.052827
0 0.530423 0.487351 0.058862 0.049107
0 0.437004 0.455977 0.040013 0.031994
0 0.536376 0.424975 0.025794 0.021577
0 0.520172 0.401910 0.018519 0.014137
0 0.487103 0.400670 0.021164 0.020089
3 0.405423 0.428943 0.068122 0.054315
3 0.458995 0.406250 0.029762 0.029762
3 0.417824 0.395709 0.036045 0.019593
3 0.443122 0.380828 0.021825 0.020089
0 0.703373 0.492312 0.065476 0.045139
