1 0.167824 0.856895 0.110780 0.197421
1 0.230820 0.655630 0.063492 0.107887
1 0.645833 0.645957 0.057540 0.098958
1 0.775298 0.626364 0.055225 0.093006
1 0.133267 0.489583 0.060847 0.037698
1 0.304729 0.474950 0.037368 0.034226
1 0.485615 0.482763 0.026786 0.045387
1 0.413029 0.455729 0.020503 0.029018
1 0.564484 0.468998 0.020503 0.033234
1 0.592427 0.479415 0.024140 0.036210
1 0.631779 0.478795 0.025463 0.033978
1 0.723380 0.472470 0.029431 0.033730
1 0.590774 0.453497 0.018188 0.027034
1 0.585152 0.440600 0.017526 0.026042
1 0.460813 0.429315 0.012897 0.022817
1 0.484623 0.420883 0.011574 0.018353
1 0.468254 0.417783 0.009921 0.017609
1 0.493552 0.415055 0.008929 0.016617
1 0.493882 0.406870 0.008929 0.008681
1 0.484127 0.402654 0.007937 0.014137
1 0.566964 0.427703 0.012235 0.021081
1 0.551753 0.421875 0.010913 0.018849
1 0.540675 0.413690 0.009921 0.016369
1 0.552083 0.409970 0.010251 0.012897
1 0.503472 0.395585 0.008267 0.012401
1 0.517857 0.393353 0.007275 0.012897
1 0.570437 0.398065 0.007937 0.013393
1 0.537368 0.399058 0.009921 0.013889
1 0.526290 0.392485 0.006944 0.010665
1 0.553737 0.387649 0.004960 0.010913
1 0.581680 0.392361 0.007275 0.011905
0 0.446759 0.687624 0.165344 0.211558
0 0.536706 0.552207 0.091270 0.081597
0 0.632110 0.520957 0.067130 0.056300
0 0.761905 0.499008 0.069444 0.046627
0 0.536045 0.444196 0.028439 0.025298
0 0.504630 0.435888 0.033730 0.026538
0 0.527943 0.425967 0.026124 0.016617
0 0.521495 0.414683 0.026455 0.018849
0 0.575562 0.412202 0.019511 0.015873
0 0.489087 0.392981 0.016534 0.015625
0 0.504299 0.390129 0.015873 0.015377
0 0.495205 0.383061 0.011574 0.005208
0 0.506944 0.382316 0.011243 0.005704
0 0.515542 0.388765 0.009259 0.010169
0 0.524306 0.381944 0.009590 0.006448
0 0.534722 0.382688 0.012566 0.012897
0 0.571263 0.385789 0.024802 0.009673
0 0.577050 0.387277 0.019180 0.008185
0 0.505126 0.377108 0.012235 0.007192
0 0.513558 0.378968 0.003307 0.007440
3 0.471230 0.383805 0.016534 0.018601
3 0.484954 0.375868 0.016865 0.014633
1 0.620701 0.419891 0.011905 0.018353
