1 0.634755 0.718998 0.067791 0.126488
1 0.579200 0.643353 0.050595 0.094246
1 0.378968 0.677951 0.070106 0.128720
1 0.563492 0.549603 0.035053 0.058532
1 0.753142 0.571181 0.034722 0.063492
1 0.706019 0.533730 0.033730 0.053571
1 0.645999 0.512277 0.036706 0.042907
1 0.635582 0.502232 0.044312 0.042659
1 0.556217 0.516617 0.039021 0.049603
1 0.577050 0.503348 0.027778 0.041419
1 0.495701 0.501736 0.032407 0.045139
1 0.429233 0.514509 0.031746 0.027530
1 0.432705 0.493924 0.026786 0.035962
1 0.452877 0.478919 0.023479 0.035218
1 0.288690 0.533234 0.037698 0.053571
1 0.305060 0.513145 0.028770 0.046627
1 0.326885 0.489087 0.025463 0.040675
1 0.306878 0.459821 0.021164 0.029762
1 0.482474 0.448165 0.025132 0.027282
1 0.436673 0.437624 0.017526 0.025546
1 0.551753 0.451885 0.041997 0.027282
0 0.398975 0.448537 0.052579 0.032490
0 0.436177 0.567956 0.102513 0.089782
0 0.646825 0.478299 0.091931 0.049355
1 0.779762 0.461682 0.031085 0.029514
3 0.328704 0.415303 0.056878 0.045387
