1 0.340443 0.620164 0.072421 0.085069
1 0.330026 0.576141 0.059524 0.071925
1 0.195602 0.555928 0.062500 0.073165
1 0.748347 0.569568 0.033069 0.062252
1 0.710317 0.502232 0.028439 0.046627
1 0.467262 0.485615 0.027778 0.043155
1 0.574735 0.472594 0.021164 0.037946
1 0.566964 0.464162 0.037368 0.031994
1 0.463459 0.437376 0.022817 0.026042
1 0.419643 0.430556 0.017196 0.024802
3 0.366237 0.494792 0.141204 0.116567
0 0.379960 0.427455 0.052910 0.031498
0 0.563988 0.540799 0.093585 0.074653
1 0.713624 0.450645 0.038360 0.027778
0 0.643684 0.475198 0.094246 0.048611
