0 0.563988 0.705233 0.167659 0.113839
0 0.401620 0.585565 0.068452 0.080853
0 0.433036 0.641369 0.037368 0.062004
1 0.417824 0.534970 0.018188 0.027778
1 0.330688 0.507068 0.013228 0.018601
1 0.350860 0.499876 0.010582 0.017113
1 0.358300 0.487475 0.009590 0.013641
1 0.342923 0.486855 0.009259 0.014385
1 0.344742 0.480407 0.007606 0.010417
1 0.344411 0.474826 0.006944 0.006200
1 0.323909 0.462426 0.004960 0.007192
1 0.327546 0.453373 0.003638 0.003968
0 0.386574 0.521577 0.031085 0.024306
0 0.370370 0.509797 0.030423 0.019097
0 0.320437 0.465030 0.009259 0.007937
0 0.321098 0.456225 0.007275 0.005208
1 0.318122 0.450025 0.001984 0.004216
1 0.320271 0.450645 0.002315 0.004464
