1 0.756944 0.904514 0.181217 0.173115
0 0.491237 0.688864 0.177579 0.155010
1 0.454365 0.566220 0.025794 0.038690
1 0.348380 0.533110 0.016204 0.027034
1 0.356316 0.515997 0.013558 0.021081
1 0.364914 0.500248 0.012897 0.018849
1 0.372520 0.495288 0.010913 0.017361
1 0.350033 0.489087 0.009590 0.015377
1 0.347884 0.483631 0.007275 0.011905
0 0.322917 0.467634 0.012235 0.009673
0 0.323247 0.463914 0.010251 0.003224
0 0.323743 0.459201 0.009259 0.004712
0 0.323082 0.455853 0.007275 0.003968
1 0.318452 0.450769 0.002646 0.004712
1 0.320437 0.452133 0.003307 0.003968
0 0.391369 0.526662 0.040013 0.025546
0 0.416501 0.544519 0.043981 0.031498
