1 0.530093 0.746404 0.042328 0.071677
1 0.484292 0.704489 0.033399 0.052331
1 0.330357 0.604167 0.011905 0.020337
1 0.369048 0.600322 0.013889 0.019097
1 0.350198 0.583457 0.007937 0.014633
1 0.345569 0.578249 0.007937 0.013145
1 0.328704 0.566096 0.006614 0.006200
1 0.323082 0.564980 0.005952 0.007440
1 0.314815 0.561756 0.005952 0.008929
0 0.310185 0.578993 0.009921 0.018601
3 0.326058 0.582713 0.030423 0.029018
0 0.410714 0.646081 0.049603 0.032738
0 0.329034 0.560888 0.011243 0.009177
0 0.309193 0.560640 0.013228 0.009177
