1 0.635747 0.776414 0.068452 0.096478
1 0.447421 0.646329 0.033069 0.051091
1 0.405589 0.600322 0.024140 0.033978
1 0.349372 0.577877 0.017526 0.026290
1 0.389716 0.566592 0.015542 0.022569
1 0.371197 0.550967 0.011574 0.016617
1 0.350529 0.540799 0.010582 0.014137
1 0.331184 0.532986 0.008929 0.007937
1 0.317956 0.530134 0.006944 0.010665
1 0.309524 0.526290 0.007275 0.010417
1 0.307209 0.517237 0.004630 0.008681
1 0.333499 0.528274 0.008267 0.010913
1 0.343419 0.530878 0.005622 0.010665
1 0.348710 0.533978 0.008267 0.008929
1 0.333499 0.526290 0.016865 0.011409
1 0.331349 0.515129 0.013889 0.009921
1 0.308532 0.507688 0.007275 0.005456
1 0.318783 0.517485 0.005952 0.009673
