0 0.853340 0.927951 0.293320 0.144097
0 0.398810 0.690972 0.098545 0.081349
0 0.371197 0.566716 0.036045 0.025794
0 0.310516 0.519965 0.013889 0.009177
0 0.320933 0.514509 0.010913 0.007688
0 0.302579 0.509053 0.009259 0.005208
1 0.296792 0.519469 0.004960 0.009673
1 0.301091 0.517485 0.004960 0.008681
1 0.319279 0.521825 0.004299 0.008929
1 0.317130 0.525050 0.005291 0.010417
1 0.302579 0.530506 0.007275 0.011905
1 0.322586 0.529266 0.006944 0.012401
1 0.330192 0.525050 0.007606 0.010417
1 0.334491 0.529514 0.006944 0.012401
1 0.330853 0.538442 0.008267 0.013889
1 0.323743 0.541171 0.009259 0.014881
1 0.317130 0.543403 0.010582 0.015377
1 0.314484 0.549603 0.011243 0.016865
1 0.339286 0.544519 0.010582 0.018105
1 0.365906 0.549231 0.012897 0.010665
1 0.358135 0.584697 0.017196 0.030010
1 0.392692 0.588418 0.017526 0.025546
1 0.392857 0.613219 0.025794 0.038938
1 0.429398 0.604911 0.023479 0.034226
1 0.435020 0.633681 0.027447 0.045635
1 0.361111 0.634177 0.031746 0.044147
1 0.474702 0.673735 0.038690 0.063740
1 0.545139 0.787450 0.070437 0.108631
1 0.604001 0.744048 0.052579 0.083333
1 0.741567 0.832837 0.115410 0.104167
