0 0.890542 0.940848 0.218915 0.118304
1 0.931548 0.865079 0.136905 0.080853
1 0.645337 0.862475 0.123347 0.137153
1 0.694444 0.816220 0.096561 0.117560
1 0.537202 0.707217 0.049272 0.072669
1 0.434854 0.699157 0.047619 0.074901
1 0.465939 0.665303 0.036376 0.054315
1 0.324074 0.592386 0.018519 0.031002
1 0.395668 0.581225 0.018849 0.020585
1 0.344081 0.580357 0.018849 0.028770
1 0.347057 0.566468 0.014881 0.023313
1 0.316138 0.563368 0.014550 0.022569
1 0.296958 0.549727 0.011905 0.019097
1 0.328538 0.548859 0.012235 0.017857
1 0.334656 0.537946 0.008598 0.014881
1 0.322917 0.539683 0.008929 0.015377
1 0.312996 0.533234 0.008267 0.013393
1 0.324901 0.532118 0.008267 0.013145
1 0.310020 0.528398 0.006944 0.012649
1 0.285218 0.525546 0.008267 0.011409
0 0.399306 0.612351 0.061839 0.046131
0 0.301753 0.522817 0.016865 0.011905
0 0.300099 0.515625 0.014220 0.007937
0 0.305390 0.513145 0.010913 0.007937
0 0.283399 0.514633 0.011243 0.008433
3 0.284061 0.503596 0.011905 0.011657
0 0.293981 0.504712 0.008598 0.006448
