3 0.529431 0.724330 0.146825 0.177827
0 0.655258 0.644717 0.061839 0.048859
0 0.649636 0.566840 0.022817 0.015625
0 0.659392 0.553695 0.015212 0.011657
0 0.666336 0.543775 0.011905 0.009177
1 0.645503 0.610491 0.018519 0.023562
1 0.643849 0.600074 0.018519 0.021081
1 0.626323 0.596726 0.016534 0.025794
1 0.608135 0.598338 0.014550 0.025546
1 0.668816 0.589906 0.014881 0.022569
1 0.698909 0.581597 0.012235 0.019841
1 0.654927 0.582961 0.012235 0.021081
1 0.671627 0.568700 0.011243 0.016865
1 0.683036 0.561632 0.006944 0.014137
1 0.672784 0.559400 0.008929 0.012649
1 0.683366 0.550719 0.006283 0.011657
1 0.666005 0.547247 0.007275 0.009673
1 0.675761 0.546007 0.005622 0.009177
