1 0.616733 0.868676 0.078704 0.141617
1 0.536541 0.785714 0.056548 0.117063
1 0.523810 0.682416 0.042989 0.082589
1 0.623512 0.671255 0.038690 0.070188
1 0.644841 0.597966 0.025794 0.045635
1 0.587798 0.596726 0.022156 0.044643
1 0.621197 0.569568 0.020172 0.032490
1 0.574239 0.576761 0.023479 0.037946
1 0.633102 0.536086 0.014881 0.024058
1 0.664352 0.536458 0.015212 0.022817
1 0.656581 0.518725 0.010251 0.017609
1 0.667163 0.517237 0.010913 0.017113
1 0.646329 0.514013 0.010251 0.016617
1 0.655754 0.509549 0.007275 0.012649
1 0.661045 0.502604 0.008598 0.012649
1 0.664517 0.498512 0.006944 0.011905
1 0.669312 0.496900 0.006614 0.011161
0 0.613757 0.529514 0.027116 0.022321
0 0.635747 0.504216 0.022156 0.016865
3 0.641865 0.490079 0.027778 0.022817
