1 0.648148 0.831225 0.072751 0.129712
1 0.431217 0.806052 0.070106 0.112103
1 0.636574 0.699033 0.042328 0.073661
1 0.644345 0.651166 0.030093 0.052827
1 0.657903 0.606399 0.024140 0.040675
1 0.622024 0.582093 0.014550 0.036210
1 0.654597 0.563864 0.018188 0.026538
1 0.627976 0.549355 0.013889 0.022817
1 0.648810 0.545387 0.013889 0.021825
1 0.668651 0.544519 0.014550 0.022073
1 0.657903 0.535714 0.012897 0.019345
1 0.649802 0.527406 0.011243 0.016121
1 0.668981 0.523189 0.010582 0.015625
1 0.650959 0.517609 0.008929 0.012401
1 0.665509 0.511161 0.008267 0.012897
1 0.660218 0.495288 0.005622 0.006448
1 0.648975 0.494544 0.006283 0.006944
1 0.665179 0.495536 0.004960 0.006944
1 0.669147 0.489831 0.004960 0.008433
0 0.653604 0.491815 0.011574 0.007937
3 0.657077 0.485739 0.013228 0.010665
0 0.661541 0.502976 0.012235 0.009921
0 0.646660 0.501736 0.012897 0.009921
0 0.655754 0.507316 0.015873 0.011161
0 0.640212 0.513145 0.017196 0.013393
0 0.620536 0.528522 0.022156 0.017857
3 0.555721 0.602679 0.128638 0.121032
0 0.528274 0.969618 0.252315 0.060764
