0 0.419643 0.971230 0.156746 0.057540
3 0.568287 0.759425 0.182209 0.239087
3 0.593915 0.612351 0.095899 0.079365
1 0.676753 0.621156 0.025463 0.033482
1 0.674107 0.565848 0.015542 0.022073
1 0.622851 0.554315 0.010913 0.018849
1 0.662864 0.535838 0.008267 0.012649
1 0.672619 0.534598 0.008598 0.011657
1 0.679729 0.532242 0.006944 0.010913
1 0.656581 0.530630 0.007606 0.012153
0 0.661706 0.525174 0.015873 0.010665
1 0.682870 0.518353 0.005952 0.007937
1 0.666997 0.517485 0.011243 0.007688
0 0.666997 0.511409 0.007937 0.006944
