1 0.416667 0.815311 0.049603 0.161045
1 0.546627 0.870701 0.046131 0.183201
1 0.515377 0.722388 0.035714 0.121362
1 0.706597 0.860450 0.049107 0.167989
1 0.579489 0.689649 0.031498 0.101521
1 0.639013 0.665179 0.030010 0.094907
1 0.497272 0.648313 0.029266 0.097553
1 0.595610 0.633763 0.026538 0.078373
1 0.637153 0.582341 0.021825 0.070767
1 0.622272 0.534392 0.018849 0.054233
1 0.596850 0.508433 0.015129 0.046627
1 0.619420 0.494048 0.014137 0.037698
1 0.602183 0.470899 0.013393 0.036376
1 0.543279 0.464286 0.012649 0.029762
1 0.571181 0.457672 0.012897 0.033069
1 0.599330 0.444610 0.010169 0.027447
1 0.592758 0.436177 0.009921 0.026455
1 0.660714 0.469411 0.012897 0.040013
1 0.672371 0.481151 0.016369 0.040344
1 0.692088 0.490410 0.016121 0.030423
1 0.695437 0.519511 0.021329 0.055556
1 0.714162 0.455853 0.011657 0.034722
1 0.751736 0.566303 0.021825 0.067791
1 0.604291 0.391369 0.005208 0.018188
1 0.611111 0.383267 0.005456 0.015212
1 0.629588 0.408234 0.009673 0.019511
1 0.641369 0.408565 0.005952 0.019511
1 0.634425 0.405919 0.006944 0.020833
1 0.619420 0.409722 0.010169 0.020503
1 0.613963 0.403770 0.008185 0.018519
1 0.664062 0.409722 0.009177 0.015873
1 0.560516 0.371197 0.003968 0.012897
0 0.574405 0.550430 0.045139 0.093585
0 0.535714 0.505126 0.036210 0.053241
0 0.553943 0.420800 0.021577 0.040013
0 0.576513 0.400132 0.018601 0.032407
0 0.621280 0.389881 0.014385 0.020503
0 0.555680 0.386243 0.012153 0.013889
0 0.568328 0.388558 0.012649 0.017857
0 0.570064 0.376984 0.014633 0.016534
0 0.589286 0.378803 0.011905 0.014220
0 0.582093 0.378472 0.004960 0.011574
0 0.572793 0.363922 0.007192 0.009590
0 0.563988 0.366898 0.008929 0.010251
0 0.567956 0.369213 0.007440 0.008267
0 0.646701 0.426091 0.020585 0.031415
0 0.658234 0.435516 0.011905 0.037698
3 0.878472 0.716931 0.243056 0.341270
3 0.767237 0.496693 0.104415 0.111111
3 0.780258 0.466766 0.088294 0.092262
3 0.686012 0.444775 0.051091 0.071429
3 0.590154 0.407738 0.027034 0.047619
3 0.611111 0.362103 0.014881 0.022487
3 0.566468 0.354993 0.010417 0.011574
3 0.577877 0.344742 0.009921 0.010251
2 0.582341 0.361276 0.015377 0.034722
0 0.718130 0.425761 0.033978 0.040675
0 0.734127 0.437169 0.014881 0.021164
