1 0.541419 0.590939 0.022817 0.070767
1 0.598958 0.586310 0.022321 0.066799
1 0.500496 0.504464 0.014881 0.043320
1 0.596106 0.458664 0.012153 0.033730
1 0.584573 0.409888 0.004464 0.022817
1 0.765873 0.649802 0.037202 0.088624
1 0.807540 0.624835 0.038194 0.083664
1 0.737599 0.556052 0.023313 0.065807
1 0.744916 0.521164 0.017609 0.048942
1 0.675719 0.479332 0.015129 0.019511
1 0.708457 0.492890 0.015625 0.038029
1 0.707093 0.478340 0.018849 0.023479
1 0.691964 0.469246 0.013393 0.027778
1 0.680308 0.464616 0.012897 0.035714
1 0.673735 0.469246 0.015129 0.021164
1 0.657862 0.404101 0.008681 0.020503
1 0.583581 0.373677 0.003968 0.015212
1 0.647817 0.379464 0.005952 0.016865
0 0.581597 0.500165 0.030258 0.046627
0 0.529638 0.505456 0.031994 0.046627
0 0.696801 0.515542 0.051339 0.066799
0 0.866815 0.745701 0.141369 0.193122
0 0.704365 0.430556 0.030754 0.053571
0 0.719742 0.445602 0.015377 0.041997
0 0.638765 0.401786 0.019097 0.035714
0 0.668279 0.393519 0.028522 0.020503
0 0.615203 0.397156 0.020585 0.025132
0 0.603051 0.369378 0.012153 0.021825
0 0.606771 0.375827 0.011161 0.022817
0 0.537698 0.409061 0.018849 0.035714
0 0.540055 0.399306 0.016617 0.029431
0 0.543279 0.382275 0.011657 0.013228
0 0.550347 0.393353 0.005456 0.015542
0 0.546255 0.375165 0.011161 0.017526
0 0.546007 0.364749 0.012153 0.019841
0 0.555060 0.356316 0.006448 0.008929
2 0.567584 0.404927 0.030010 0.069775
2 0.570188 0.361772 0.018849 0.025132
0 0.560888 0.348049 0.006200 0.008267
0 0.551835 0.347553 0.005456 0.009259
3 0.621528 0.380456 0.022817 0.036706
3 0.612723 0.357474 0.018105 0.014550
3 0.586558 0.348380 0.009921 0.012897
3 0.576389 0.343585 0.009425 0.009921
3 0.567460 0.341104 0.009425 0.010251
1 0.598710 0.380952 0.003968 0.014550
3 0.837550 0.553571 0.170139 0.169312
3 0.765997 0.459656 0.086558 0.084656
