2 0.651290 0.760582 0.202381 0.478836
0 0.471726 0.695437 0.105655 0.220238
0 0.520089 0.494048 0.043651 0.082011
0 0.566096 0.529927 0.047371 0.084325
0 0.571801 0.460648 0.029514 0.062169
0 0.540799 0.439484 0.019593 0.028439
0 0.667039 0.450066 0.037946 0.047619
0 0.739211 0.520337 0.070188 0.102183
1 0.765501 0.508929 0.019097 0.052910
0 0.709945 0.425265 0.033978 0.060185
0 0.724702 0.443287 0.015873 0.040675
3 0.771453 0.464120 0.088046 0.094246
3 0.651166 0.405423 0.036458 0.055556
0 0.624628 0.391700 0.020089 0.033399
0 0.618304 0.382606 0.015377 0.031085
0 0.673115 0.390708 0.018849 0.021495
1 0.672123 0.395503 0.009425 0.023148
1 0.677579 0.407903 0.010417 0.023479
1 0.592014 0.383929 0.008929 0.018519
1 0.603919 0.377480 0.005952 0.014881
1 0.685268 0.392692 0.011905 0.018188
1 0.684772 0.384259 0.010913 0.014550
1 0.653646 0.374173 0.004712 0.010251
3 0.641741 0.377480 0.020585 0.034722
2 0.570188 0.384425 0.026290 0.064484
0 0.584325 0.383598 0.004464 0.029101
0 0.552207 0.383929 0.013641 0.029762
0 0.544643 0.379464 0.005456 0.014881
0 0.550347 0.370205 0.009425 0.008929
3 0.551463 0.360615 0.012649 0.019511
0 0.561260 0.347718 0.006944 0.008929
0 0.570933 0.346561 0.006944 0.007275
3 0.606151 0.357308 0.013889 0.021495
3 0.599950 0.347718 0.012401 0.018849
3 0.572793 0.337302 0.010665 0.011243
3 0.565104 0.337467 0.008681 0.009590
1 0.610987 0.483300 0.015129 0.043320
1 0.817212 0.686673 0.046131 0.103505
1 0.825521 0.651455 0.033978 0.083995
1 0.848834 0.757275 0.049851 0.127646
1 0.884921 0.864583 0.064484 0.160384
1 0.917535 0.765542 0.063244 0.125661
1 0.892361 0.679233 0.044643 0.105159
1 0.867932 0.693948 0.043403 0.118056
1 0.968998 0.855655 0.062004 0.165675
