0 0.598338 0.889054 0.149554 0.221892
1 0.662698 0.756448 0.039683 0.125331
0 0.581845 0.572586 0.051587 0.123347
0 0.526290 0.509425 0.034722 0.047950
0 0.707093 0.492394 0.057540 0.072090
0 0.786582 0.559193 0.094990 0.132937
3 0.673983 0.425761 0.055308 0.072421
0 0.712798 0.423280 0.033234 0.055556
0 0.728919 0.439319 0.017361 0.043320
3 0.774926 0.458499 0.088542 0.094246
2 0.571429 0.389716 0.028274 0.073082
0 0.638269 0.404266 0.022569 0.041336
0 0.625248 0.391038 0.019841 0.038029
3 0.645709 0.375165 0.023562 0.033399
0 0.668403 0.384755 0.021329 0.012235
0 0.553075 0.386409 0.014385 0.029431
0 0.552951 0.367890 0.011161 0.009590
3 0.553447 0.359127 0.012153 0.019180
0 0.567460 0.351025 0.007937 0.008929
0 0.576885 0.348876 0.006448 0.008598
0 0.570312 0.342427 0.006200 0.010251
1 0.598586 0.399471 0.006696 0.021164
1 0.606523 0.374835 0.005208 0.014881
3 0.615079 0.362930 0.015873 0.023479
3 0.606771 0.349868 0.012649 0.019841
3 0.574529 0.335483 0.010169 0.010913
3 0.566716 0.335813 0.008433 0.008929
3 0.557540 0.337302 0.005952 0.006614
1 0.834573 0.650298 0.033234 0.097553
1 0.871280 0.690807 0.037698 0.111772
1 0.887277 0.768684 0.067212 0.131283
1 0.961806 0.901786 0.076389 0.154101
1 0.972966 0.825893 0.054067 0.157738
1 0.685888 0.387235 0.013641 0.017857
1 0.688740 0.376653 0.008433 0.006614
0 0.384673 0.879299 0.172123 0.241402
0 0.594246 0.346396 0.006944 0.010913
