0 0.548859 0.813161 0.040179 0.145503
0 0.503472 0.726687 0.043155 0.108796
0 0.621776 0.544643 0.024802 0.060847
0 0.623016 0.500165 0.020833 0.042659
0 0.353299 0.655919 0.038442 0.070437
0 0.397693 0.618386 0.039435 0.066138
0 0.422247 0.588955 0.028026 0.062169
0 0.440600 0.578373 0.026042 0.052249
0 0.454861 0.560020 0.020833 0.051257
0 0.465650 0.544147 0.026538 0.046627
0 0.531746 0.483135 0.014881 0.033730
0 0.554563 0.465443 0.008929 0.033399
0 0.546875 0.460483 0.008433 0.028108
0 0.573909 0.466104 0.008929 0.034722
0 0.615947 0.448909 0.009177 0.030093
0 0.654266 0.454861 0.009921 0.036045
0 0.738467 0.446594 0.011657 0.024802
0 0.748884 0.424769 0.007192 0.020833
1 0.724206 0.577381 0.101190 0.213624
2 0.806920 0.491402 0.079117 0.101190
3 0.542039 0.549603 0.062748 0.062831
3 0.376984 0.748347 0.151786 0.179233
3 0.250000 0.737269 0.153274 0.130622
3 0.569940 0.623843 0.063988 0.097553
2 0.715774 0.449735 0.041171 0.048280
3 0.766245 0.449239 0.028026 0.049272
3 0.726562 0.415840 0.018105 0.021495
3 0.696677 0.422288 0.018353 0.029762
0 0.632564 0.433201 0.007192 0.017857
0 0.648686 0.432870 0.007192 0.023148
3 0.619916 0.422619 0.016121 0.021164
0 0.569692 0.444610 0.006944 0.014881
0 0.586310 0.437996 0.006944 0.022156
0 0.660094 0.426587 0.007688 0.019841
0 0.676711 0.426422 0.009177 0.016204
1 0.655258 0.397321 0.019841 0.032077
3 0.601066 0.438823 0.018601 0.021825
3 0.630332 0.457011 0.022569 0.029101
1 0.538814 0.420139 0.040923 0.047288
3 0.509921 0.453373 0.028770 0.035053
3 0.474206 0.482804 0.031250 0.017196
3 0.508185 0.498843 0.039187 0.043320
1 0.066592 0.857143 0.132688 0.284392
3 0.311012 0.590774 0.081845 0.081019
3 0.359127 0.619709 0.077381 0.066138
3 0.402034 0.524967 0.057044 0.060516
2 0.505580 0.410714 0.026538 0.029101
2 0.556176 0.385582 0.018601 0.018519
3 0.591642 0.475198 0.028522 0.048942
