1 0.256118 0.796131 0.075066 0.117063
1 0.413360 0.778894 0.078704 0.140129
1 0.630622 0.772197 0.070767 0.118304
1 0.496693 0.732763 0.062831 0.103423
1 0.735946 0.731027 0.069775 0.105407
1 0.642361 0.645833 0.049272 0.074901
1 0.319444 0.646329 0.048280 0.083333
1 0.387235 0.657862 0.048280 0.088046
1 0.464120 0.635665 0.047950 0.074405
1 0.550099 0.632812 0.043320 0.076637
1 0.611442 0.605903 0.037037 0.067460
1 0.624173 0.569444 0.037368 0.055060
0 0.505787 0.560268 0.072421 0.055060
1 0.346065 0.574157 0.040675 0.064484
1 0.420635 0.562376 0.037698 0.056796
1 0.465112 0.583829 0.039352 0.057540
1 0.565146 0.541419 0.029762 0.049107
1 0.595238 0.521701 0.029101 0.043403
1 0.602017 0.500372 0.026786 0.041915
1 0.580192 0.476438 0.023479 0.040179
1 0.545635 0.478051 0.021825 0.031994
1 0.518519 0.483011 0.021164 0.034970
1 0.414187 0.499380 0.022156 0.033978
1 0.369048 0.528894 0.031746 0.048363
1 0.442460 0.509177 0.025132 0.042163
1 0.445106 0.460441 0.017857 0.028522
1 0.488922 0.526290 0.030754 0.040675
0 0.486111 0.494172 0.055556 0.050347
0 0.582011 0.440352 0.037698 0.027034
0 0.436012 0.428323 0.033399 0.021329
0 0.418816 0.452629 0.034722 0.035714
0 0.472222 0.438864 0.036376 0.025546
0 0.518849 0.461310 0.044312 0.032738
0 0.560516 0.412574 0.033730 0.020089
0 0.524967 0.409970 0.027447 0.015873
0 0.460813 0.403274 0.024802 0.015873
