1 0.251984 0.715030 0.067460 0.112103
1 0.526620 0.790923 0.070437 0.119048
1 0.860615 0.738219 0.083664 0.104911
1 0.806713 0.676587 0.063161 0.098214
1 0.628968 0.662202 0.051587 0.080853
1 0.653274 0.618924 0.049934 0.079117
1 0.599868 0.560268 0.039683 0.056052
1 0.339120 0.667163 0.047950 0.089782
1 0.378307 0.624132 0.044312 0.076637
1 0.432209 0.596974 0.041667 0.068948
1 0.460152 0.517609 0.028770 0.046131
1 0.559689 0.531126 0.027447 0.044891
1 0.549272 0.511905 0.024471 0.038690
1 0.594246 0.507688 0.025794 0.040179
1 0.617560 0.484499 0.021495 0.034474
1 0.502646 0.472470 0.022487 0.029266
1 0.628472 0.463046 0.022156 0.028770
1 0.573909 0.461682 0.018188 0.028522
1 0.523975 0.448537 0.018849 0.026538
1 0.455357 0.469122 0.021164 0.032986
0 0.487930 0.667907 0.133267 0.124008
0 0.357143 0.568080 0.080688 0.075645
0 0.409392 0.490699 0.061508 0.045387
0 0.492560 0.543651 0.077050 0.058532
0 0.487103 0.495288 0.057540 0.036706
0 0.456019 0.434896 0.033069 0.023065
0 0.598380 0.438120 0.039352 0.023562
0 0.550265 0.431548 0.031746 0.026290
0 0.576885 0.410838 0.027447 0.022073
0 0.538525 0.405382 0.027447 0.020089
0 0.498512 0.413318 0.024140 0.018601
