1 0.233796 0.658730 0.056878 0.082837
1 0.436673 0.620784 0.052579 0.071925
1 0.303075 0.620784 0.050595 0.073413
1 0.367229 0.578993 0.053902 0.063244
1 0.608796 0.681176 0.054894 0.096478
1 0.724041 0.627728 0.045304 0.077381
1 0.572421 0.604043 0.038360 0.066716
1 0.617394 0.581597 0.031746 0.059524
1 0.688327 0.584325 0.039352 0.063492
1 0.539683 0.515005 0.025794 0.044891
1 0.434854 0.499380 0.031746 0.038442
0 0.469081 0.577877 0.089616 0.067956
0 0.379960 0.513269 0.058862 0.042411
0 0.613095 0.476687 0.057540 0.036706
0 0.581515 0.437748 0.041336 0.023810
0 0.554233 0.416419 0.032407 0.020337
0 0.490410 0.456349 0.038360 0.028274
0 0.519841 0.443700 0.037698 0.024802
1 0.460648 0.469618 0.023148 0.031498
1 0.541832 0.563120 0.030754 0.056300
1 0.578704 0.557292 0.029762 0.060020
1 0.605159 0.529266 0.026455 0.042163
0 0.424272 0.542535 0.059524 0.049355
0 0.479332 0.512773 0.071759 0.052827
0 0.424934 0.475074 0.047619 0.044891
0 0.543816 0.489583 0.049272 0.039683
0 0.494544 0.431052 0.032077 0.028770
0 0.433532 0.436384 0.039683 0.037450
