1 0.240245 0.757812 0.078373 0.114335
1 0.631779 0.807664 0.071098 0.122768
1 0.434358 0.701513 0.054563 0.092014
1 0.738261 0.864831 0.090278 0.131448
1 0.668155 0.714410 0.058532 0.100446
1 0.732970 0.645337 0.045304 0.075893
1 0.657077 0.581721 0.036376 0.056300
1 0.475033 0.619172 0.043981 0.071677
1 0.623181 0.548735 0.028770 0.044891
1 0.544643 0.525794 0.027778 0.044643
1 0.493882 0.529266 0.028770 0.045139
1 0.573909 0.505456 0.024802 0.039187
1 0.521825 0.515749 0.021825 0.040923
1 0.360284 0.537822 0.030093 0.036954
1 0.544478 0.480407 0.023479 0.029762
1 0.461971 0.459945 0.018519 0.029018
1 0.449901 0.487475 0.019511 0.025546
1 0.465112 0.504092 0.020172 0.035466
0 0.545139 0.691964 0.118717 0.102679
0 0.317956 0.650546 0.114087 0.137897
0 0.380126 0.581225 0.090939 0.074653
0 0.433532 0.523934 0.067460 0.057292
0 0.580357 0.603299 0.095238 0.078125
0 0.800761 0.746652 0.182870 0.123264
0 0.618882 0.492808 0.055886 0.039683
0 0.599206 0.465278 0.044312 0.030754
0 0.503307 0.497644 0.051587 0.034970
0 0.502315 0.458457 0.038360 0.030506
0 0.532573 0.449901 0.035384 0.028274
3 0.427414 0.458829 0.057870 0.060020
0 0.582507 0.453373 0.050595 0.029762
1 0.559358 0.563740 0.032738 0.047123
1 0.477513 0.574901 0.039021 0.045635
1 0.376157 0.504836 0.025463 0.036954
