1 0.065807 0.747024 0.085979 0.115575
1 0.295635 0.711310 0.071429 0.113095
1 0.447255 0.834697 0.081680 0.153026
1 0.456184 0.744420 0.076389 0.095486
1 0.477183 0.682664 0.066799 0.101438
1 0.630787 0.569072 0.040013 0.065228
1 0.369048 0.556672 0.036376 0.064732
1 0.415344 0.583085 0.046958 0.076885
1 0.459491 0.546379 0.038029 0.057540
1 0.617394 0.524306 0.035053 0.055556
1 0.410218 0.476562 0.027447 0.043403
1 0.508102 0.486359 0.028770 0.044147
1 0.543981 0.513517 0.031085 0.053819
1 0.566138 0.532614 0.034392 0.058780
1 0.466601 0.450397 0.023148 0.036210
0 0.293981 0.602307 0.126323 0.096974
0 0.571429 0.601935 0.123016 0.097222
0 0.339286 0.534350 0.073413 0.059276
0 0.462136 0.504712 0.074405 0.055060
0 0.624669 0.479415 0.068783 0.048611
0 0.512897 0.459697 0.056217 0.039435
0 0.349206 0.495164 0.082672 0.066716
0 0.595238 0.457961 0.056217 0.037946
0 0.604497 0.437624 0.060847 0.039931
0 0.476190 0.420511 0.039683 0.028522
0 0.448082 0.444692 0.044312 0.034722
0 0.533234 0.419271 0.043320 0.041419
0 0.449239 0.403274 0.041997 0.031250
