1 0.397569 0.746858 0.040179 0.109458
0 0.488343 0.600694 0.077381 0.102183
1 0.821181 0.800099 0.044147 0.131283
1 0.976562 0.737930 0.044891 0.116733
0 0.730903 0.542163 0.035714 0.053902
3 0.819568 0.505456 0.075149 0.100198
3 0.743428 0.444444 0.039435 0.060185
2 0.671007 0.404597 0.024554 0.041336
0 0.643725 0.461971 0.028026 0.050265
1 0.614459 0.471230 0.008681 0.028439
1 0.599950 0.470403 0.009921 0.027447
0 0.674355 0.435681 0.022817 0.031415
3 0.725694 0.413856 0.025794 0.034722
0 0.701513 0.423115 0.017609 0.018849
2 0.675471 0.363095 0.009177 0.010582
3 0.559772 0.412368 0.042163 0.028439
3 0.604167 0.402447 0.027282 0.028439
0 0.614087 0.454861 0.022817 0.024802
1 0.694568 0.436012 0.009673 0.018849
1 0.629340 0.437500 0.006696 0.021164
0 0.339782 0.572090 0.065476 0.048280
0 0.484499 0.426753 0.032986 0.017526
1 0.522817 0.424438 0.012897 0.014881
1 0.721726 0.435185 0.006448 0.024471
