0 0.074570 0.463914 0.090278 0.061756
0 0.164352 0.405382 0.054233 0.040923
0 0.237599 0.440104 0.042659 0.030506
0 0.226687 0.419891 0.045304 0.032242
0 0.198413 0.393353 0.037037 0.023810
1 0.268684 0.445933 0.022156 0.035714
1 0.248347 0.800719 0.197751 0.167411
1 0.913525 0.557788 0.052579 0.073413
1 0.704861 0.571429 0.083664 0.071429
1 0.832507 0.501612 0.052579 0.047867
1 0.901620 0.491195 0.046627 0.045387
1 0.723710 0.490203 0.052579 0.044395
1 0.775794 0.495536 0.054233 0.048115
3 0.374504 0.599082 0.502976 0.229911
