1 0.435351 0.908482 0.219246 0.169147
1 0.262235 0.811880 0.198413 0.136161
1 0.412864 0.639757 0.122685 0.079117
1 0.543155 0.621280 0.097553 0.067956
1 0.637235 0.636781 0.111772 0.070685
1 0.691138 0.504216 0.021164 0.033730
1 0.664352 0.484127 0.014550 0.025298
1 0.698909 0.477555 0.015542 0.022569
1 0.650132 0.463294 0.013889 0.017857
1 0.632771 0.457589 0.012235 0.015873
1 0.675099 0.467262 0.012897 0.019345
0 0.707672 0.464534 0.041667 0.031250
0 0.613261 0.471974 0.045966 0.038194
3 0.545800 0.552083 0.245040 0.123016
0 0.279266 0.569444 0.217262 0.072917
0 0.327712 0.593130 0.164683 0.061756
0 0.205026 0.673611 0.269841 0.115575
