1 0.087467 0.713914 0.144511 0.132688
1 0.727348 0.545015 0.045304 0.052827
1 0.660549 0.534226 0.028770 0.044147
1 0.620701 0.511533 0.033069 0.037450
1 0.708168 0.511533 0.029431 0.036458
1 0.754960 0.509425 0.027778 0.039187
1 0.812996 0.528522 0.032077 0.041171
1 0.862269 0.515625 0.022817 0.038690
1 0.744874 0.482143 0.020172 0.025794
1 0.806382 0.490699 0.020172 0.027034
1 0.832011 0.484251 0.018519 0.019097
1 0.898644 0.487351 0.016204 0.031250
0 0.879630 0.470982 0.052249 0.027778
0 0.833168 0.507440 0.048611 0.038690
0 0.689319 0.486359 0.078373 0.035714
0 0.511078 0.519717 0.097553 0.040427
0 0.570602 0.535342 0.099537 0.042907
0 0.423115 0.596974 0.152447 0.079861
0 0.315311 0.566468 0.157738 0.082341
1 0.916832 0.527654 0.027447 0.042907
1 0.881448 0.491815 0.019511 0.030754
0 0.793155 0.484375 0.049272 0.026786
0 0.814153 0.468254 0.042989 0.026290
