1 0.583995 0.625496 0.068122 0.078373
1 0.557044 0.581225 0.054563 0.065228
1 0.743221 0.513393 0.026124 0.039187
1 0.864583 0.521701 0.025463 0.041915
1 0.939153 0.501240 0.019180 0.029762
1 0.895668 0.498760 0.020833 0.029266
1 0.916501 0.491939 0.018188 0.030506
1 0.792659 0.495536 0.017857 0.027778
1 0.775628 0.484871 0.016204 0.024306
1 0.953704 0.492932 0.013889 0.027034
0 0.828208 0.503224 0.084325 0.038194
0 0.674438 0.522693 0.088955 0.042411
0 0.743552 0.494172 0.071098 0.028026
1 0.813161 0.477183 0.017857 0.022817
1 0.301587 0.640873 0.091270 0.089286
1 0.090774 0.786086 0.176257 0.160962
1 0.138889 0.716022 0.145503 0.123512
1 0.182870 0.622396 0.092593 0.078621
0 0.386243 0.562128 0.179894 0.090526
1 0.472222 0.500992 0.054894 0.032738
1 0.860450 0.489583 0.016534 0.022321
3 0.960813 0.462798 0.075066 0.043651
1 0.882275 0.475074 0.009921 0.021577
1 0.835813 0.476438 0.014881 0.014881
1 0.855655 0.473462 0.014220 0.014385
1 0.892030 0.481151 0.014220 0.015377
