1 0.913029 0.488963 0.026455 0.034970
1 0.860780 0.483383 0.025132 0.042163
1 0.828869 0.472470 0.021495 0.029762
1 0.808862 0.465030 0.015873 0.022817
1 0.965443 0.477307 0.018849 0.028522
1 0.950728 0.470486 0.014550 0.027282
1 0.895833 0.466394 0.013889 0.026538
1 0.918651 0.472966 0.017196 0.027778
1 0.914187 0.457465 0.012235 0.020089
1 0.865906 0.456349 0.013558 0.013393
0 0.901124 0.450273 0.026455 0.018601
0 0.932209 0.447545 0.035053 0.020585
0 0.982143 0.454117 0.035714 0.023313
0 0.976190 0.442956 0.034392 0.019345
3 0.988757 0.435144 0.022487 0.028026
3 0.622354 0.503968 0.316799 0.155754
0 0.238922 0.648810 0.450066 0.190476
1 0.540840 0.633681 0.086971 0.117560
1 0.185681 0.851562 0.257606 0.281994
1 0.037368 0.540303 0.074074 0.069196
1 0.252646 0.548239 0.074735 0.071677
