1 0.275463 0.660218 0.080026 0.127976
1 0.559689 0.582837 0.059193 0.097222
1 0.444775 0.520709 0.043651 0.073661
1 0.188492 0.481771 0.038360 0.057788
1 0.229001 0.484995 0.034722 0.063244
1 0.458829 0.461930 0.035384 0.052331
1 0.668981 0.441964 0.028439 0.044147
1 0.508929 0.445685 0.031085 0.047619
1 0.538690 0.406498 0.020503 0.033730
1 0.430060 0.423363 0.022156 0.039187
1 0.457176 0.365203 0.012897 0.024554
1 0.427910 0.360367 0.011905 0.023313
1 0.458829 0.345114 0.014220 0.017113
1 0.498843 0.366939 0.016865 0.023065
1 0.521164 0.365451 0.013228 0.021577
1 0.539352 0.358259 0.014550 0.019097
1 0.612599 0.378348 0.016204 0.025546
1 0.652612 0.364211 0.018849 0.022569
0 0.605655 0.363343 0.040013 0.025794
0 0.606812 0.449405 0.060847 0.051091
3 0.317956 0.465154 0.152447 0.135169
0 0.463955 0.392733 0.041667 0.031994
0 0.398313 0.379588 0.054563 0.050347
1 0.570767 0.345734 0.009259 0.015873
1 0.509590 0.350198 0.010582 0.019345
1 0.527943 0.336806 0.008929 0.013889
1 0.549272 0.325397 0.005952 0.010417
0 0.501323 0.332961 0.022487 0.015625
0 0.527612 0.326017 0.018849 0.013145
0 0.505622 0.319196 0.015212 0.009921
1 0.473049 0.320312 0.006283 0.008681
1 0.548942 0.349330 0.011243 0.016617
0 0.486607 0.311632 0.014220 0.015625
0 0.539683 0.317460 0.021164 0.011905
1 0.839782 0.847966 0.121362 0.190972
1 0.335317 0.905010 0.141534 0.189980
