1 0.357970 0.758929 0.100860 0.180060
0 0.677414 0.536334 0.116733 0.105903
3 0.181382 0.548735 0.287368 0.250744
1 0.422288 0.554812 0.052249 0.097222
1 0.515046 0.522073 0.041997 0.080357
1 0.718419 0.477679 0.038690 0.062500
1 0.549769 0.430060 0.029431 0.047123
1 0.640873 0.383309 0.020503 0.032490
1 0.390708 0.455233 0.029431 0.055308
1 0.446429 0.358879 0.015873 0.029266
1 0.419312 0.353299 0.014550 0.024058
1 0.514716 0.370164 0.018188 0.029018
1 0.537202 0.362723 0.013558 0.028522
1 0.513393 0.345486 0.012897 0.024306
1 0.570437 0.341766 0.013228 0.022817
1 0.592758 0.333705 0.013558 0.019593
1 0.581349 0.325397 0.011905 0.017361
1 0.524636 0.325769 0.010913 0.016617
1 0.457837 0.334821 0.014881 0.020833
1 0.554233 0.306920 0.006614 0.011657
1 0.519676 0.304812 0.004960 0.009921
1 0.473380 0.300719 0.005622 0.010169
0 0.491567 0.292287 0.014881 0.016121
0 0.501984 0.318204 0.024471 0.017361
0 0.533565 0.309276 0.019511 0.014385
0 0.642361 0.354911 0.049934 0.032738
0 0.446759 0.402406 0.057540 0.040427
0 0.365410 0.379712 0.078704 0.062996
1 0.906250 0.510789 0.048611 0.072669
1 0.661376 0.344122 0.012566 0.019593
