1 0.081845 0.913318 0.146495 0.173363
1 0.571594 0.719246 0.067791 0.138393
1 0.942956 0.820437 0.114087 0.180556
1 0.949570 0.594866 0.076389 0.098462
1 0.687665 0.486483 0.035384 0.057292
1 0.525298 0.500496 0.034722 0.063492
0 0.345899 0.530382 0.108466 0.087550
0 0.230159 0.470858 0.146825 0.113839
0 0.673280 0.404514 0.062831 0.044643
1 0.536706 0.439484 0.020503 0.039683
1 0.592097 0.395709 0.019511 0.028522
1 0.607804 0.376488 0.013889 0.021825
1 0.648975 0.366939 0.015542 0.019097
1 0.378968 0.419891 0.022487 0.042659
1 0.332011 0.412574 0.021825 0.033482
1 0.340278 0.395337 0.021164 0.027778
1 0.427579 0.377852 0.017857 0.026538
1 0.484292 0.417907 0.022156 0.041171
1 0.529101 0.417411 0.021164 0.034226
1 0.512235 0.375992 0.015873 0.025298
1 0.588790 0.360243 0.014220 0.021577
0 0.478505 0.355903 0.033069 0.024306
0 0.519841 0.343998 0.024471 0.017857
1 0.537533 0.336558 0.008929 0.014881
1 0.473214 0.339286 0.009921 0.011905
1 0.500827 0.338914 0.006283 0.014633
0 0.498347 0.329489 0.017196 0.012649
1 0.455357 0.326885 0.006614 0.010417
1 0.485119 0.323413 0.007275 0.009921
0 0.476356 0.318328 0.016204 0.018601
0 0.513889 0.315972 0.013889 0.008929
0 0.541005 0.315228 0.013889 0.008433
3 0.519511 0.310640 0.016534 0.016121
0 0.556217 0.319692 0.022487 0.010913
