0 0.503596 0.737103 0.114335 0.229497
0 0.510045 0.583995 0.058284 0.069444
3 0.760045 0.556878 0.083085 0.142857
3 0.818824 0.505126 0.075149 0.100198
0 0.626860 0.496032 0.031994 0.041667
1 0.561012 0.542659 0.016369 0.058201
1 0.582217 0.516038 0.011657 0.041997
1 0.431052 0.675265 0.033234 0.090608
0 0.595486 0.469742 0.028274 0.048611
0 0.652778 0.473380 0.026290 0.050595
0 0.626984 0.433532 0.016865 0.019180
0 0.711558 0.439319 0.019841 0.025463
1 0.744296 0.462302 0.009425 0.026455
1 0.724702 0.460979 0.009425 0.026455
1 0.716270 0.480985 0.011905 0.031415
3 0.732019 0.422784 0.030010 0.040675
2 0.663814 0.412533 0.028026 0.049934
2 0.711186 0.383763 0.017609 0.026786
0 0.644221 0.391534 0.010169 0.013889
3 0.493800 0.419312 0.049603 0.030423
0 0.603299 0.410549 0.026042 0.014881
0 0.485739 0.521991 0.047867 0.058532
0 0.520585 0.503968 0.038690 0.040344
0 0.520709 0.463459 0.029018 0.023479
1 0.415055 0.619544 0.026042 0.061177
1 0.543775 0.490245 0.014137 0.034061
1 0.362971 0.655589 0.041419 0.069114
0 0.258309 0.734458 0.154514 0.127646
2 0.076017 0.857970 0.145089 0.275463
1 0.976190 0.736111 0.047619 0.125000
