1 0.183532 0.573289 0.056878 0.090030
1 0.516204 0.516617 0.044974 0.076885
1 0.635086 0.460813 0.036045 0.057044
1 0.628803 0.406374 0.025463 0.035466
1 0.687665 0.372396 0.016865 0.028522
1 0.479167 0.404390 0.023810 0.038938
1 0.527612 0.409970 0.024802 0.040179
1 0.574570 0.373140 0.018188 0.028522
1 0.520007 0.369172 0.018849 0.029018
1 0.358135 0.360739 0.015212 0.024554
1 0.569940 0.334325 0.011574 0.017857
1 0.502315 0.333209 0.010582 0.017609
1 0.475198 0.331349 0.010582 0.018353
1 0.561343 0.323413 0.010913 0.015377
1 0.643188 0.349330 0.013228 0.020089
0 0.523975 0.324653 0.023479 0.016865
0 0.440146 0.321305 0.029101 0.029514
3 0.487765 0.315104 0.026455 0.029018
0 0.518519 0.308036 0.012566 0.010417
0 0.535053 0.314980 0.016534 0.012897
0 0.536872 0.305184 0.012235 0.012649
0 0.463128 0.304439 0.013558 0.014633
3 0.484292 0.291667 0.016204 0.014385
1 0.551753 0.309276 0.005622 0.010913
