0 0.304067 0.585441 0.149802 0.124752
1 0.456184 0.491691 0.038029 0.065724
1 0.535384 0.492560 0.037698 0.065972
1 0.675761 0.446925 0.031415 0.049603
1 0.590608 0.425967 0.029101 0.042907
1 0.522983 0.411334 0.022817 0.042907
1 0.468750 0.347842 0.013558 0.021081
1 0.507606 0.347346 0.013228 0.021081
1 0.330853 0.379092 0.019511 0.029514
1 0.593585 0.344494 0.011905 0.021329
1 0.688161 0.373016 0.015873 0.029266
1 0.644511 0.350694 0.015212 0.019345
1 0.566634 0.331969 0.013558 0.015625
0 0.531746 0.332837 0.027778 0.017857
0 0.434028 0.327381 0.028108 0.030754
1 0.466766 0.322049 0.007606 0.014137
1 0.393849 0.330109 0.009259 0.016865
3 0.486442 0.324281 0.029101 0.033978
0 0.534888 0.319816 0.018849 0.011657
1 0.552083 0.312004 0.005622 0.010913
0 0.457672 0.309028 0.015873 0.016369
1 0.507110 0.317212 0.007606 0.012897
0 0.518849 0.313120 0.012566 0.011657
0 0.537368 0.309648 0.012566 0.009673
3 0.484788 0.294271 0.015212 0.015625
0 0.501488 0.295139 0.012235 0.006944
0 0.526290 0.297247 0.010913 0.008185
0 0.508433 0.301339 0.011574 0.009921
