1 0.502315 0.911582 0.104497 0.172371
3 0.664352 0.580729 0.240079 0.270089
1 0.739253 0.469866 0.031415 0.058780
0 0.600860 0.429315 0.074735 0.053571
1 0.433201 0.432540 0.025132 0.047123
1 0.617394 0.401414 0.019180 0.031994
1 0.670966 0.377232 0.017196 0.028770
1 0.627976 0.353795 0.013228 0.019593
1 0.399306 0.396701 0.016865 0.034970
0 0.333995 0.382192 0.065476 0.063492
0 0.516369 0.364211 0.031415 0.025546
0 0.391865 0.352307 0.033069 0.035962
1 0.452712 0.361359 0.013889 0.024306
1 0.424934 0.330605 0.009259 0.014881
0 0.436343 0.327257 0.018849 0.015625
1 0.450893 0.346354 0.011574 0.016617
1 0.467593 0.345114 0.008598 0.017609
1 0.466270 0.335689 0.009259 0.013641
1 0.489253 0.337178 0.009590 0.013641
0 0.492725 0.350446 0.023148 0.020833
0 0.541171 0.341394 0.024140 0.021081
0 0.476521 0.318452 0.019180 0.013393
0 0.495866 0.319940 0.014220 0.012897
3 0.460152 0.305060 0.022156 0.016865
3 0.527943 0.304315 0.016865 0.016369
0 0.504464 0.310020 0.014220 0.010417
1 0.521660 0.328993 0.006283 0.013641
0 0.477513 0.307912 0.015873 0.010665
1 0.533234 0.323165 0.006283 0.011409
