1 0.173446 0.647321 0.076389 0.111111
0 0.757440 0.620536 0.189484 0.159226
1 0.720073 0.513517 0.048611 0.070685
0 0.206515 0.461310 0.142526 0.112103
0 0.327216 0.406870 0.061177 0.065228
0 0.518684 0.418775 0.053902 0.045883
0 0.573578 0.378224 0.036706 0.035714
0 0.469081 0.389385 0.039352 0.030754
0 0.426918 0.350942 0.030423 0.022321
0 0.474702 0.336558 0.022156 0.018849
3 0.443783 0.314484 0.030423 0.024802
3 0.496693 0.299603 0.016534 0.016369
3 0.530423 0.314236 0.022487 0.022817
1 0.629134 0.354911 0.008929 0.020337
1 0.437169 0.431176 0.023810 0.045387
1 0.408565 0.401538 0.016204 0.038690
1 0.435681 0.380332 0.018188 0.028522
1 0.468750 0.367560 0.013558 0.021329
1 0.482970 0.360739 0.013558 0.025546
1 0.513889 0.362723 0.012566 0.024554
1 0.389550 0.357143 0.015212 0.023810
1 0.377646 0.333209 0.009259 0.018601
1 0.412533 0.328373 0.008267 0.015377
1 0.426422 0.334449 0.007606 0.012153
1 0.436508 0.329241 0.008598 0.015625
1 0.446263 0.335441 0.011574 0.017113
1 0.501984 0.335069 0.008598 0.016865
1 0.547288 0.348214 0.009921 0.018849
1 0.529266 0.334325 0.008929 0.016865
1 0.538360 0.341766 0.007275 0.015873
1 0.492890 0.328621 0.006944 0.014385
1 0.509259 0.314236 0.007275 0.010913
0 0.493386 0.317708 0.017196 0.013889
0 0.466931 0.313244 0.015873 0.010913
0 0.473214 0.297619 0.012566 0.009921
