1 0.728009 0.583209 0.052579 0.090030
1 0.178902 0.479539 0.030423 0.045387
1 0.235450 0.464038 0.023148 0.041667
1 0.464120 0.463046 0.028108 0.044147
1 0.508267 0.419643 0.017196 0.030258
1 0.597222 0.438368 0.019180 0.034474
1 0.619048 0.421875 0.018519 0.029762
1 0.650132 0.411334 0.016534 0.028522
3 0.583664 0.548487 0.154101 0.193204
0 0.386409 0.451141 0.058532 0.042659
0 0.460813 0.420511 0.041997 0.036458
3 0.323578 0.416543 0.085648 0.069692
1 0.609458 0.390005 0.013228 0.020089
1 0.554729 0.387773 0.012897 0.021081
1 0.545304 0.375744 0.011905 0.017857
1 0.486938 0.384673 0.011574 0.018849
1 0.445602 0.391989 0.012897 0.021081
1 0.453373 0.370908 0.009921 0.016617
1 0.438823 0.368428 0.007937 0.013641
1 0.382110 0.369048 0.008929 0.016369
1 0.361607 0.369296 0.010251 0.016369
1 0.422784 0.353547 0.007606 0.012153
1 0.515873 0.367560 0.007275 0.014385
1 0.509590 0.360367 0.005952 0.013393
1 0.494048 0.353795 0.007275 0.011657
0 0.384921 0.397321 0.038360 0.027778
0 0.428241 0.382068 0.029101 0.019593
0 0.397321 0.374504 0.022817 0.017361
0 0.415675 0.364831 0.019180 0.012897
0 0.438492 0.354043 0.020503 0.017609
0 0.483466 0.369792 0.020503 0.017857
0 0.508102 0.348338 0.010913 0.009177
0 0.462632 0.353299 0.015873 0.011657
3 0.480489 0.358383 0.029101 0.028274
3 0.461310 0.334201 0.014550 0.016121
0 0.473049 0.339906 0.012897 0.010169
