1 0.914021 0.619296 0.071429 0.096726
1 0.679894 0.564484 0.052249 0.080853
1 0.596396 0.511533 0.048611 0.066716
1 0.134425 0.604787 0.067791 0.083581
3 0.439815 0.604291 0.184524 0.264633
0 0.330357 0.495164 0.113095 0.119296
0 0.235615 0.485863 0.086971 0.057540
1 0.538194 0.481523 0.021495 0.054812
1 0.486607 0.446305 0.021495 0.043403
1 0.548611 0.429315 0.018519 0.035218
1 0.658234 0.398189 0.016865 0.026538
1 0.507110 0.413194 0.017526 0.030754
1 0.562335 0.390253 0.014881 0.024554
0 0.454365 0.413566 0.042328 0.033978
0 0.344742 0.420387 0.051257 0.035218
1 0.315807 0.408110 0.016534 0.032490
1 0.399636 0.405630 0.016204 0.029514
1 0.585152 0.384797 0.012897 0.022073
1 0.616237 0.376984 0.014881 0.020337
1 0.594742 0.373016 0.014220 0.018353
0 0.532573 0.373512 0.026786 0.018849
1 0.501984 0.388021 0.012566 0.022569
1 0.487930 0.378596 0.011574 0.020089
1 0.501984 0.370908 0.009259 0.020089
1 0.524471 0.353299 0.007937 0.014633
0 0.451058 0.370164 0.031746 0.032490
0 0.476687 0.348710 0.016865 0.019345
0 0.455192 0.334945 0.022156 0.023562
0 0.484292 0.331721 0.013558 0.009673
0 0.499173 0.351687 0.006283 0.012897
0 0.505291 0.338294 0.004630 0.008929
0 0.495701 0.336930 0.005291 0.008681
0 0.433036 0.335069 0.006944 0.010913
