1 0.800099 0.823537 0.090278 0.170883
1 0.253472 0.785590 0.086971 0.178819
1 0.244048 0.590526 0.036376 0.072917
1 0.597222 0.569568 0.043651 0.062748
1 0.362434 0.528522 0.046958 0.051091
0 0.079034 0.614707 0.157407 0.150050
0 0.579034 0.668155 0.118386 0.126488
0 0.374339 0.587302 0.095238 0.085813
1 0.377480 0.501240 0.027447 0.046131
0 0.448578 0.511409 0.062500 0.053075
1 0.655754 0.445064 0.013889 0.029018
1 0.592427 0.451637 0.013558 0.029762
1 0.554894 0.455357 0.013889 0.031250
1 0.509094 0.451885 0.016204 0.031250
1 0.465939 0.448165 0.013889 0.028770
1 0.340278 0.464906 0.015212 0.033482
1 0.351687 0.440476 0.015542 0.024802
1 0.482970 0.420883 0.010913 0.023313
1 0.533069 0.400298 0.008598 0.014385
1 0.523810 0.397445 0.007275 0.015625
1 0.410880 0.416171 0.009590 0.021329
1 0.449901 0.408606 0.008267 0.015129
1 0.460152 0.400918 0.008929 0.015129
1 0.424769 0.397569 0.006283 0.013393
1 0.435351 0.396577 0.010251 0.013889
1 0.368221 0.401910 0.009590 0.018105
3 0.496528 0.402530 0.033399 0.035714
0 0.404927 0.401042 0.026124 0.025794
0 0.433862 0.424851 0.035053 0.025794
0 0.455853 0.387153 0.020172 0.016865
0 0.492560 0.380084 0.014220 0.011161
3 0.494874 0.372272 0.018188 0.017361
