0 0.588624 0.643353 0.154762 0.155258
1 0.097388 0.575025 0.061177 0.074653
1 0.259921 0.614955 0.050926 0.085069
1 0.380622 0.598338 0.040344 0.081597
1 0.597057 0.501240 0.024140 0.044643
1 0.190807 0.509301 0.029762 0.047867
1 0.214616 0.525298 0.031746 0.051587
1 0.314484 0.482019 0.022487 0.035962
1 0.648975 0.450893 0.016865 0.026786
1 0.625331 0.438120 0.016534 0.023065
1 0.343254 0.454613 0.015873 0.026290
1 0.421296 0.469866 0.013889 0.036458
1 0.440146 0.447545 0.015212 0.027530
1 0.454530 0.436880 0.009590 0.025050
1 0.523313 0.436880 0.013558 0.022073
1 0.539517 0.454489 0.012897 0.029018
1 0.501157 0.414435 0.008929 0.017361
1 0.519180 0.409846 0.007275 0.015625
1 0.508102 0.402034 0.008929 0.013393
1 0.487599 0.402530 0.006944 0.013889
1 0.459491 0.414187 0.010251 0.014881
1 0.457837 0.424603 0.009590 0.016369
1 0.435351 0.395337 0.008267 0.013393
0 0.339947 0.441468 0.047619 0.028274
1 0.362765 0.407242 0.009259 0.019345
1 0.397652 0.398189 0.005622 0.012153
1 0.418651 0.390377 0.007275 0.012897
0 0.494874 0.390625 0.017526 0.011409
3 0.464616 0.386781 0.026455 0.022569
3 0.439484 0.376860 0.016534 0.019097
0 0.490906 0.383061 0.016204 0.013145
1 0.507606 0.380828 0.005291 0.008681
1 0.568948 0.446181 0.014881 0.026786
