1 0.250165 0.900298 0.114749 0.199405
1 0.444114 0.734127 0.046958 0.122520
1 0.737434 0.687872 0.062831 0.108383
1 0.857474 0.604911 0.055556 0.075893
1 0.572917 0.585317 0.036706 0.070437
1 0.790344 0.514013 0.044974 0.042411
1 0.653274 0.453001 0.018188 0.028026
1 0.627811 0.440600 0.018188 0.023065
1 0.550595 0.427951 0.011905 0.021577
1 0.516369 0.414435 0.012235 0.015377
1 0.522156 0.406250 0.011243 0.015873
1 0.369213 0.419271 0.010913 0.019097
1 0.383102 0.412946 0.010251 0.018353
1 0.427745 0.415427 0.009590 0.016865
0 0.413029 0.424975 0.030423 0.025050
0 0.524471 0.440476 0.036376 0.027282
0 0.435185 0.400918 0.027778 0.021577
0 0.491237 0.402034 0.019511 0.020833
3 0.470073 0.408234 0.031415 0.033234
3 0.428737 0.386285 0.021495 0.022569
3 0.488922 0.378472 0.015542 0.016369
1 0.510582 0.391741 0.005952 0.010169
1 0.521825 0.389013 0.004630 0.008681
