1 0.798446 0.732639 0.085648 0.128472
1 0.593254 0.640749 0.060185 0.090526
1 0.786210 0.515749 0.036706 0.046379
1 0.654597 0.510789 0.025463 0.042411
1 0.655423 0.451389 0.017857 0.027282
1 0.559358 0.479043 0.021495 0.034970
1 0.632110 0.439360 0.015542 0.021577
1 0.309854 0.449529 0.015873 0.028522
1 0.331680 0.438616 0.012566 0.026042
1 0.368056 0.407986 0.010582 0.016369
1 0.526455 0.410342 0.007275 0.016617
1 0.477844 0.406622 0.007937 0.014633
1 0.440476 0.403522 0.008598 0.012401
1 0.466766 0.395337 0.006944 0.012401
0 0.491071 0.404390 0.022487 0.015625
3 0.463955 0.442212 0.048280 0.060020
0 0.536541 0.444940 0.038029 0.044147
0 0.320437 0.494792 0.085979 0.071925
0 0.379630 0.457961 0.051587 0.042907
1 0.544312 0.423983 0.010582 0.016121
0 0.449405 0.421751 0.036376 0.027034
3 0.408234 0.400050 0.033399 0.032738
3 0.491071 0.386161 0.021164 0.022817
0 0.445106 0.397445 0.020503 0.021081
