0 0.584160 0.572173 0.097553 0.130456
1 0.251157 0.479167 0.018849 0.037698
0 0.324735 0.508433 0.083333 0.071925
1 0.286872 0.461930 0.018188 0.032986
1 0.597388 0.472842 0.016865 0.031994
1 0.654762 0.452629 0.014550 0.029266
1 0.631614 0.439856 0.014550 0.023065
1 0.531911 0.448909 0.016204 0.026290
1 0.537037 0.429936 0.013889 0.024058
1 0.474041 0.430928 0.010913 0.023065
1 0.522983 0.420883 0.008267 0.020833
1 0.533565 0.410838 0.007606 0.013145
1 0.511078 0.406126 0.007606 0.015129
1 0.456349 0.405258 0.006614 0.014385
3 0.449735 0.492436 0.085317 0.098958
0 0.428075 0.434276 0.030754 0.022817
0 0.487103 0.423363 0.027116 0.022321
3 0.390377 0.409722 0.041336 0.041667
0 0.425099 0.390501 0.016204 0.012649
1 0.436343 0.393477 0.006283 0.010169
3 0.490741 0.394717 0.025794 0.025546
0 0.449735 0.388517 0.015212 0.009177
0 0.514220 0.383433 0.013228 0.011905
