3 0.432044 0.579489 0.133929 0.178819
1 0.175265 0.513765 0.027116 0.048859
1 0.247354 0.483879 0.021164 0.040179
1 0.373016 0.452009 0.016534 0.029514
1 0.470734 0.458209 0.014220 0.030506
1 0.781415 0.516121 0.036376 0.044643
1 0.691634 0.560764 0.037368 0.062500
1 0.561839 0.517981 0.021825 0.051339
1 0.553406 0.470610 0.018849 0.032986
1 0.654101 0.450893 0.019841 0.026290
1 0.629299 0.438740 0.015212 0.022817
1 0.535714 0.448785 0.014550 0.028026
1 0.552745 0.427207 0.012897 0.021577
0 0.404927 0.463046 0.041997 0.030754
0 0.473214 0.442708 0.041005 0.028770
1 0.516700 0.420387 0.009590 0.017857
1 0.541832 0.410094 0.008267 0.016617
0 0.419312 0.425471 0.041005 0.036954
3 0.380126 0.412946 0.046627 0.042659
3 0.491237 0.401538 0.028108 0.032738
0 0.513724 0.386781 0.014881 0.013641
1 0.525628 0.389013 0.004960 0.010665
1 0.457837 0.408730 0.008267 0.015377
0 0.444279 0.392485 0.014220 0.011161
0 0.415840 0.392981 0.018849 0.014137
1 0.417328 0.399926 0.005952 0.011657
