1 0.154431 0.912946 0.121693 0.169643
1 0.884425 0.770709 0.092262 0.146081
1 0.345734 0.591146 0.034722 0.079613
1 0.733962 0.543651 0.041997 0.057540
3 0.505787 0.615327 0.177579 0.229663
3 0.306052 0.457837 0.092262 0.083333
1 0.317295 0.539683 0.034722 0.057540
1 0.394345 0.522941 0.033399 0.051835
1 0.366237 0.497272 0.024802 0.043155
1 0.458003 0.509053 0.024471 0.045883
1 0.539517 0.487227 0.026124 0.036458
1 0.668320 0.513517 0.031746 0.054315
1 0.604828 0.508061 0.027778 0.050347
1 0.613757 0.464162 0.021164 0.035466
1 0.668651 0.442956 0.017196 0.030754
1 0.637566 0.426215 0.011243 0.020585
1 0.646329 0.431672 0.011574 0.021577
1 0.503472 0.470114 0.016865 0.034970
1 0.453373 0.469246 0.017196 0.034226
1 0.474041 0.439360 0.015542 0.027034
1 0.508598 0.438368 0.014550 0.025050
1 0.451720 0.442584 0.017857 0.026042
1 0.460648 0.422743 0.010582 0.020089
1 0.570106 0.417163 0.011905 0.019841
1 0.499339 0.403646 0.009259 0.016121
1 0.475033 0.404514 0.009590 0.012897
1 0.455357 0.399182 0.008598 0.014137
1 0.445602 0.393973 0.006944 0.011161
1 0.432870 0.393725 0.009259 0.014633
1 0.519511 0.384673 0.005291 0.012401
1 0.539187 0.381944 0.009590 0.012897
1 0.526290 0.382316 0.006944 0.011161
1 0.474702 0.385293 0.006944 0.010665
1 0.481647 0.382812 0.006944 0.013641
1 0.531085 0.371776 0.005291 0.010417
1 0.449901 0.375248 0.006283 0.008433
0 0.465774 0.375248 0.017526 0.010417
0 0.478836 0.368676 0.013228 0.014633
3 0.497851 0.386533 0.025463 0.030010
0 0.414683 0.431548 0.037698 0.025298
0 0.390873 0.410342 0.029101 0.023065
0 0.439815 0.407242 0.023148 0.014881
0 0.529101 0.413814 0.032407 0.025050
0 0.510582 0.423239 0.028439 0.030506
0 0.477017 0.418155 0.026786 0.019345
0 0.561012 0.461558 0.051918 0.051091
0 0.516700 0.373512 0.012235 0.010417
0 0.493221 0.372396 0.010913 0.009673
