0 0.387566 0.869048 0.233466 0.261905
0 0.266534 0.621900 0.189815 0.146081
1 0.816634 0.723586 0.064484 0.133185
1 0.114418 0.619172 0.052249 0.083581
1 0.190642 0.553819 0.040675 0.058532
1 0.296792 0.485243 0.022156 0.039931
1 0.458995 0.516989 0.030423 0.049355
1 0.572421 0.614955 0.042989 0.081597
1 0.677249 0.597594 0.046958 0.073165
1 0.629299 0.550843 0.029762 0.063988
1 0.547784 0.519717 0.026124 0.048363
1 0.649471 0.453869 0.017196 0.026786
1 0.625496 0.443700 0.019511 0.020833
1 0.617560 0.434400 0.014881 0.018601
1 0.589947 0.450025 0.011905 0.024058
0 0.340774 0.444320 0.042659 0.035466
0 0.406581 0.428075 0.029431 0.024306
0 0.514881 0.453745 0.033069 0.029018
1 0.530919 0.435268 0.010913 0.022321
1 0.454034 0.451885 0.013889 0.024306
1 0.452381 0.434276 0.019180 0.021825
1 0.412864 0.447297 0.017526 0.025050
1 0.482308 0.417039 0.010913 0.018105
1 0.511243 0.408358 0.009259 0.013145
1 0.525959 0.400298 0.006944 0.011409
1 0.498347 0.404142 0.009921 0.012649
1 0.442626 0.414931 0.010913 0.015377
1 0.366898 0.420883 0.010251 0.018849
1 0.406746 0.411210 0.011243 0.017857
0 0.413029 0.400546 0.017857 0.019841
1 0.428571 0.395709 0.005952 0.012153
0 0.460152 0.405506 0.022156 0.018849
0 0.437335 0.403894 0.018188 0.015129
0 0.443948 0.398065 0.012897 0.011905
1 0.477348 0.394221 0.004960 0.010665
1 0.486111 0.400050 0.005291 0.012401
0 0.479993 0.382564 0.010913 0.012153
1 0.507937 0.389633 0.006614 0.011409
