1 0.189649 0.712922 0.058532 0.115327
1 0.388062 0.770585 0.058532 0.151786
1 0.658399 0.761037 0.078042 0.126736
1 0.772156 0.569816 0.037037 0.059772
1 0.542659 0.595486 0.041005 0.069940
1 0.127811 0.534226 0.034061 0.054067
1 0.646495 0.452133 0.014550 0.029266
1 0.392526 0.475942 0.019841 0.035218
1 0.475198 0.477927 0.019180 0.037698
1 0.516038 0.469370 0.017526 0.035466
1 0.536376 0.442956 0.012566 0.025794
1 0.544974 0.427207 0.013228 0.017609
1 0.523644 0.432168 0.014881 0.023065
1 0.458995 0.442708 0.013889 0.026786
1 0.449570 0.428571 0.011574 0.022321
1 0.492725 0.446181 0.011905 0.027778
1 0.506118 0.440228 0.015542 0.023810
1 0.491567 0.425967 0.010913 0.020585
1 0.472553 0.418651 0.009921 0.017857
1 0.488426 0.407118 0.008598 0.014137
1 0.506614 0.405506 0.008598 0.014881
1 0.518849 0.406994 0.009259 0.015873
1 0.525298 0.399554 0.012897 0.011905
1 0.429729 0.411706 0.011574 0.015873
1 0.425761 0.403026 0.008267 0.015377
1 0.471726 0.404266 0.009590 0.017857
1 0.479993 0.399926 0.010913 0.016121
0 0.444279 0.404638 0.024802 0.021081
0 0.456019 0.391245 0.016534 0.011161
0 0.496032 0.389137 0.017857 0.018849
0 0.483631 0.386905 0.015542 0.012897
0 0.401620 0.447545 0.040013 0.025546
0 0.336475 0.439360 0.037368 0.035962
0 0.295139 0.503844 0.075066 0.044891
0 0.212632 0.583705 0.167989 0.114335
0 0.416005 0.560392 0.099868 0.075645
0 0.703704 0.598586 0.096561 0.091518
1 0.624173 0.439360 0.012897 0.022569
1 0.613922 0.434152 0.014220 0.020089
