1 0.129795 0.583581 0.047950 0.077877
1 0.106978 0.560888 0.043320 0.066716
1 0.289187 0.466394 0.016865 0.031498
1 0.357639 0.462798 0.019511 0.031250
1 0.334325 0.446553 0.014550 0.026042
1 0.358135 0.436880 0.015873 0.023065
1 0.382937 0.425347 0.011905 0.020833
1 0.731647 0.523934 0.028770 0.047371
1 0.641369 0.525918 0.030093 0.048363
1 0.545139 0.500124 0.023479 0.040427
1 0.514054 0.468006 0.018188 0.032738
1 0.557705 0.443948 0.015542 0.025794
1 0.640708 0.453869 0.014881 0.028274
1 0.610450 0.437376 0.015873 0.024554
1 0.483631 0.430060 0.012897 0.019841
1 0.496528 0.416295 0.013558 0.015625
1 0.517030 0.403894 0.010251 0.015129
1 0.503638 0.404266 0.007937 0.014881
1 0.451058 0.420263 0.011905 0.020089
1 0.469577 0.411582 0.011905 0.016617
1 0.487269 0.407862 0.010251 0.017609
1 0.446098 0.408978 0.007275 0.011409
1 0.458829 0.404514 0.007606 0.014881
1 0.459656 0.393353 0.007275 0.009921
1 0.409392 0.402406 0.011243 0.011161
3 0.473380 0.384301 0.016865 0.020585
0 0.497520 0.387029 0.010913 0.008185
0 0.440476 0.394593 0.016534 0.011905
0 0.414848 0.388889 0.018849 0.015873
0 0.460813 0.380952 0.011574 0.009921
0 0.424438 0.433904 0.041336 0.045387
0 0.406415 0.416171 0.029762 0.020833
0 0.464947 0.546255 0.082011 0.072669
0 0.345073 0.527282 0.089616 0.064980
