0 0.301918 0.579737 0.123677 0.093502
0 0.449570 0.626116 0.124008 0.115327
1 0.750000 0.538194 0.035053 0.052579
1 0.685847 0.568576 0.037698 0.067708
1 0.564649 0.543651 0.033399 0.056548
1 0.521991 0.492808 0.024802 0.038194
1 0.568948 0.459325 0.019511 0.028770
1 0.639716 0.453621 0.017526 0.026786
1 0.610780 0.437376 0.013228 0.024058
1 0.485615 0.440848 0.012897 0.025050
1 0.261739 0.484623 0.022817 0.036706
1 0.313657 0.462798 0.016865 0.034722
1 0.335317 0.480035 0.026455 0.035466
1 0.345734 0.446801 0.015542 0.029514
1 0.373677 0.431672 0.009921 0.021577
1 0.503638 0.421255 0.010582 0.017609
1 0.517692 0.405010 0.008929 0.012897
1 0.503638 0.406498 0.007275 0.012897
1 0.487269 0.407490 0.006944 0.012897
1 0.491567 0.412450 0.008267 0.015377
1 0.471892 0.415923 0.008598 0.016865
1 0.443122 0.425719 0.009921 0.018105
1 0.447090 0.415303 0.010582 0.016617
1 0.457507 0.407614 0.012235 0.015129
1 0.462136 0.396825 0.009590 0.013393
1 0.400794 0.405258 0.009259 0.011409
1 0.415179 0.396453 0.008267 0.012649
0 0.418155 0.445064 0.045304 0.052827
0 0.400298 0.419643 0.036706 0.019841
0 0.438327 0.397817 0.021495 0.012897
0 0.411872 0.390005 0.022156 0.014137
3 0.474041 0.387153 0.020172 0.024802
0 0.499339 0.388393 0.011905 0.008433
0 0.440476 0.381820 0.012566 0.008681
