1 0.045966 0.739955 0.091270 0.147569
1 0.895999 0.635417 0.049272 0.079365
1 0.691138 0.650174 0.053571 0.091022
1 0.500496 0.546379 0.033399 0.058036
1 0.219907 0.532862 0.032407 0.051835
1 0.284722 0.482639 0.025794 0.035218
1 0.364253 0.487599 0.024140 0.033234
1 0.457837 0.451761 0.013558 0.029514
1 0.484292 0.450645 0.013558 0.026290
1 0.557540 0.454985 0.015212 0.025050
1 0.642030 0.454737 0.015542 0.030010
1 0.611276 0.438864 0.014220 0.021577
1 0.501488 0.431548 0.012235 0.020833
1 0.515377 0.436880 0.009590 0.021577
1 0.536045 0.426959 0.011243 0.018105
1 0.444775 0.436384 0.013889 0.023065
1 0.361938 0.431052 0.012235 0.022817
1 0.392857 0.416419 0.013889 0.018353
1 0.442626 0.416295 0.010251 0.015625
1 0.503472 0.404514 0.010251 0.014881
1 0.519841 0.408234 0.008598 0.015873
0 0.329861 0.573661 0.123347 0.146329
0 0.350860 0.457589 0.055556 0.035218
0 0.401290 0.399554 0.024802 0.018849
0 0.431052 0.410714 0.022156 0.017857
3 0.476852 0.396577 0.025794 0.027282
0 0.505952 0.392981 0.013228 0.011161
0 0.431878 0.389509 0.015212 0.012153
0 0.453869 0.388889 0.016865 0.010913
0 0.462632 0.382440 0.015212 0.009921
