0 0.182209 0.583333 0.170635 0.095238
0 0.413856 0.434896 0.039352 0.023065
0 0.410549 0.421379 0.032738 0.017361
0 0.390046 0.404142 0.025463 0.021081
0 0.438161 0.408606 0.019180 0.012153
0 0.437996 0.399182 0.019511 0.010665
0 0.452216 0.389137 0.013558 0.009921
0 0.506118 0.397941 0.013558 0.012649
0 0.492063 0.381200 0.011905 0.010913
1 0.692791 0.564980 0.042989 0.059524
1 0.461310 0.635169 0.037698 0.092758
1 0.505126 0.582093 0.027447 0.069444
1 0.371693 0.571553 0.036376 0.069196
1 0.261739 0.490947 0.021495 0.038442
1 0.371197 0.478051 0.020172 0.039435
1 0.309524 0.461806 0.017196 0.028274
1 0.515046 0.503596 0.022156 0.040923
1 0.565311 0.505580 0.019511 0.041419
1 0.585979 0.479911 0.015873 0.032738
1 0.641865 0.456225 0.014550 0.030506
1 0.611772 0.438492 0.017196 0.020833
1 0.522156 0.437128 0.013889 0.020585
1 0.524636 0.423487 0.012235 0.018601
1 0.506118 0.412078 0.011574 0.017609
1 0.521991 0.409350 0.012235 0.014633
3 0.470569 0.410466 0.033730 0.034722
