0 0.318948 0.552083 0.106151 0.074405
0 0.255291 0.495288 0.080026 0.041667
0 0.404266 0.434028 0.030754 0.023810
0 0.427910 0.416171 0.023810 0.018849
0 0.381283 0.410838 0.025794 0.024058
0 0.440642 0.400794 0.022156 0.018353
0 0.503803 0.403646 0.018188 0.013145
0 0.489914 0.386037 0.012897 0.010665
0 0.440146 0.384177 0.013228 0.010913
0 0.451058 0.379712 0.015873 0.009425
0 0.402447 0.403274 0.016534 0.013889
0 0.416171 0.400794 0.014881 0.013889
1 0.346726 0.435020 0.010913 0.021825
1 0.423115 0.441592 0.014881 0.025546
1 0.550430 0.441592 0.016865 0.024554
1 0.524140 0.408978 0.011243 0.015377
1 0.493552 0.414559 0.011574 0.017113
1 0.479001 0.403646 0.012235 0.015129
1 0.469081 0.397817 0.010251 0.012401
1 0.504464 0.386657 0.008267 0.009425
1 0.611938 0.438120 0.013558 0.026538
1 0.641865 0.455357 0.020503 0.032242
1 0.610284 0.536334 0.036706 0.056300
1 0.605489 0.594246 0.044312 0.076389
1 0.931217 0.929688 0.137566 0.140625
