1 0.125992 0.570685 0.047619 0.069444
0 0.451885 0.570437 0.093585 0.085317
0 0.248677 0.564608 0.131614 0.088046
1 0.662533 0.639633 0.065807 0.091766
1 0.506614 0.468998 0.020503 0.040675
1 0.452050 0.463170 0.019180 0.033978
1 0.465774 0.441592 0.015542 0.028522
1 0.492063 0.418403 0.015873 0.021329
1 0.636739 0.432788 0.022156 0.026786
1 0.607970 0.417907 0.018188 0.022321
1 0.330688 0.443576 0.020503 0.031002
1 0.457011 0.423115 0.013889 0.027282
1 0.434689 0.411086 0.012897 0.020585
1 0.447421 0.401290 0.008598 0.017857
1 0.467593 0.395089 0.009259 0.015873
1 0.480985 0.390625 0.006283 0.014881
1 0.501157 0.389881 0.007606 0.017857
1 0.520503 0.392113 0.009921 0.014385
1 0.468750 0.381076 0.008929 0.015625
0 0.392196 0.421131 0.038360 0.036706
0 0.330357 0.417287 0.054233 0.035962
0 0.359954 0.409722 0.023479 0.023313
0 0.377315 0.399802 0.025132 0.021329
0 0.392526 0.391741 0.025794 0.020089
0 0.427083 0.375000 0.016865 0.010913
0 0.440476 0.369792 0.016534 0.014385
0 0.484127 0.375496 0.018519 0.013393
3 0.461640 0.369420 0.028439 0.023065
0 0.539352 0.409722 0.031085 0.021825
