0 0.485739 0.651786 0.103919 0.149471
0 0.750868 0.721065 0.069692 0.152447
1 0.964534 0.743056 0.055556 0.121032
3 0.757937 0.551257 0.073909 0.133598
3 0.808532 0.509259 0.073413 0.099206
2 0.703373 0.491733 0.035218 0.068122
2 0.606523 0.512070 0.068700 0.137235
0 0.707589 0.448082 0.018353 0.023148
0 0.507316 0.567460 0.047371 0.054894
1 0.545139 0.540013 0.017361 0.046296
1 0.567832 0.490741 0.016121 0.057540
1 0.648313 0.453704 0.007937 0.022487
0 0.726935 0.426918 0.035218 0.019841
0 0.696181 0.420966 0.014881 0.027116
0 0.626488 0.426587 0.017361 0.027116
2 0.663938 0.393849 0.014881 0.031746
2 0.699901 0.398810 0.022321 0.033069
3 0.723090 0.411045 0.020585 0.031746
3 0.636905 0.384094 0.012897 0.016865
0 0.644717 0.421958 0.017113 0.025132
1 0.657490 0.445933 0.008433 0.022817
