1 0.244172 0.927249 0.079117 0.127646
1 0.520585 0.754795 0.033234 0.113426
1 0.506696 0.655589 0.030754 0.079034
0 0.547247 0.544808 0.045883 0.055886
0 0.717510 0.514220 0.030258 0.044974
0 0.804688 0.631118 0.081101 0.160384
2 0.743800 0.728175 0.073413 0.152116
3 0.813616 0.513228 0.076637 0.101190
0 0.712550 0.459160 0.024802 0.024802
1 0.570064 0.510913 0.013145 0.034392
1 0.607391 0.504134 0.011905 0.037368
1 0.627604 0.495866 0.011161 0.034061
1 0.652406 0.493221 0.011161 0.033399
0 0.640501 0.460317 0.019593 0.027116
0 0.586186 0.477017 0.028026 0.049272
0 0.610863 0.454861 0.022321 0.036706
2 0.649802 0.417989 0.029266 0.044312
2 0.701141 0.412533 0.024306 0.049272
3 0.726190 0.424934 0.023313 0.041667
2 0.722718 0.396329 0.011409 0.014220
1 0.718626 0.631779 0.024058 0.046627
3 0.587922 0.412037 0.031002 0.025794
3 0.632564 0.398810 0.017113 0.021825
0 0.701885 0.437831 0.016369 0.032407
1 0.744420 0.444775 0.008185 0.024471
1 0.736607 0.453704 0.007440 0.023148
1 0.729167 0.446594 0.008433 0.021495
0 0.774926 0.469907 0.031002 0.053571
3 0.831473 0.875992 0.201141 0.248016
