1 0.275298 0.944072 0.129299 0.111855
1 0.594411 0.837922 0.097553 0.226438
1 0.592427 0.631076 0.049272 0.094494
1 0.530589 0.591394 0.044643 0.076637
1 0.457507 0.611731 0.045966 0.085069
1 0.600529 0.547123 0.035053 0.063492
1 0.468419 0.542039 0.033399 0.058780
1 0.283069 0.566964 0.040344 0.067460
1 0.380787 0.518973 0.032738 0.056300
1 0.528604 0.482267 0.020833 0.038938
1 0.490575 0.471354 0.019511 0.028522
1 0.460648 0.466766 0.018519 0.033730
1 0.547454 0.467882 0.020172 0.035466
1 0.524140 0.452257 0.016534 0.029514
1 0.566964 0.452505 0.015542 0.029018
1 0.561177 0.441592 0.014550 0.023562
1 0.619544 0.466022 0.034722 0.035218
1 0.656250 0.484003 0.056548 0.036458
1 0.912698 0.655010 0.076720 0.097222
1 0.879464 0.623016 0.074405 0.061012
1 0.820767 0.570188 0.048280 0.065476
1 0.770668 0.531994 0.034722 0.055060
1 0.604167 0.431424 0.015873 0.024554
1 0.578208 0.408234 0.009590 0.016369
1 0.564153 0.404266 0.009921 0.015377
1 0.553241 0.400298 0.013228 0.013393
1 0.509590 0.408358 0.008598 0.009177
1 0.488591 0.393353 0.004960 0.010417
1 0.492394 0.393477 0.007275 0.009177
0 0.448082 0.449033 0.041667 0.030010
0 0.497024 0.436136 0.033069 0.026538
0 0.511078 0.422619 0.022817 0.020833
0 0.459160 0.423487 0.028770 0.021577
0 0.580026 0.425843 0.029101 0.020337
0 0.617063 0.451017 0.037037 0.028522
0 0.648313 0.462922 0.047288 0.035962
0 0.690972 0.525422 0.098214 0.058780
0 0.710648 0.494172 0.113757 0.037450
0 0.474702 0.508929 0.065807 0.054067
0 0.474537 0.404390 0.019841 0.020089
0 0.497354 0.405506 0.026455 0.016865
0 0.454200 0.398189 0.028108 0.020089
0 0.466270 0.389633 0.023148 0.010913
0 0.480655 0.389509 0.010913 0.010665
0 0.436673 0.389881 0.013558 0.006944
0 0.442791 0.384673 0.009921 0.008433
3 0.461144 0.381324 0.032738 0.012153
3 0.447586 0.373512 0.011574 0.006944
0 0.249008 0.681300 0.197090 0.160218
0 0.967758 0.756944 0.064484 0.134921
