3 0.460483 0.773934 0.377315 0.452133
1 0.308532 0.671627 0.052249 0.097222
1 0.278604 0.626364 0.043320 0.070685
1 0.320437 0.584821 0.033069 0.057044
1 0.410714 0.543651 0.025794 0.039187
1 0.388393 0.508061 0.017526 0.032490
1 0.475860 0.516493 0.019180 0.032986
1 0.560351 0.572917 0.018188 0.037202
1 0.526951 0.541171 0.026124 0.023313
1 0.542989 0.535466 0.022487 0.034722
1 0.460648 0.498512 0.014550 0.026786
1 0.559689 0.516617 0.018188 0.033730
1 0.541501 0.516741 0.022156 0.019593
1 0.512897 0.527530 0.021164 0.039187
1 0.507937 0.504836 0.019180 0.027530
1 0.520668 0.515253 0.016204 0.029514
1 0.472553 0.487103 0.013889 0.024306
1 0.437004 0.477431 0.013558 0.020833
1 0.456349 0.468750 0.011243 0.018353
1 0.500331 0.463666 0.011243 0.017609
1 0.477513 0.458829 0.008598 0.011905
1 0.492560 0.460069 0.008929 0.014881
1 0.464947 0.458457 0.005952 0.016617
1 0.481978 0.457465 0.007606 0.013145
1 0.437004 0.456845 0.006283 0.014385
1 0.560185 0.491443 0.012566 0.025050
1 0.536872 0.475942 0.010251 0.019345
1 0.542163 0.470734 0.008929 0.016369
1 0.551091 0.477927 0.010913 0.019841
1 0.559358 0.481399 0.012897 0.018353
1 0.555390 0.467262 0.010913 0.015377
1 0.571925 0.468254 0.008267 0.018353
1 0.576720 0.472222 0.009259 0.019345
1 0.580688 0.481151 0.011905 0.021329
1 0.584987 0.485863 0.009259 0.017361
1 0.895503 0.707341 0.078042 0.098214
1 0.859788 0.680308 0.068122 0.067956
1 0.804894 0.620288 0.052249 0.069444
1 0.750496 0.581845 0.039352 0.056548
1 0.699901 0.530382 0.053902 0.037946
0 0.960317 0.814980 0.079365 0.142361
0 0.385582 0.597594 0.067460 0.070685
0 0.446759 0.530134 0.044312 0.040923
0 0.712136 0.633681 0.095569 0.084325
0 0.625496 0.567460 0.057870 0.057044
0 0.785218 0.547247 0.118717 0.039931
0 0.625992 0.513269 0.047619 0.035962
0 0.596065 0.500372 0.036045 0.030506
0 0.515542 0.494544 0.039021 0.030258
0 0.476356 0.474826 0.028770 0.022569
0 0.559689 0.460938 0.018188 0.014633
0 0.553406 0.455853 0.033399 0.015377
0 0.451389 0.458829 0.026455 0.024306
0 0.466601 0.454985 0.015873 0.013641
0 0.467262 0.444940 0.017857 0.010913
0 0.424272 0.449405 0.015873 0.014881
0 0.432870 0.440104 0.013228 0.007192
1 0.432705 0.449281 0.005622 0.012153
1 0.433862 0.443700 0.005291 0.008929
1 0.441138 0.444940 0.006614 0.010417
1 0.482308 0.450025 0.006944 0.007192
0 0.439484 0.436012 0.014550 0.010913
0 0.449901 0.437004 0.007606 0.006448
0 0.419974 0.435516 0.013889 0.006448
0 0.424934 0.433408 0.013228 0.006696
3 0.427910 0.426215 0.011905 0.008681
