1 0.074901 0.912078 0.127976 0.175843
1 0.116898 0.774554 0.081019 0.121528
1 0.147652 0.695437 0.067791 0.090278
1 0.361111 0.590898 0.031085 0.061260
1 0.344907 0.538442 0.025794 0.041667
1 0.554894 0.622272 0.041667 0.047123
1 0.523810 0.591146 0.034392 0.063740
1 0.537864 0.567584 0.026124 0.049355
1 0.511739 0.546627 0.026786 0.045139
1 0.545635 0.550347 0.025794 0.045635
1 0.566468 0.537078 0.021825 0.041419
1 0.468254 0.537574 0.023810 0.039931
1 0.521164 0.532986 0.020503 0.037202
1 0.509094 0.523189 0.022817 0.038938
1 0.444940 0.516989 0.016865 0.032986
1 0.441964 0.501240 0.016204 0.028274
1 0.424272 0.488963 0.015212 0.024554
1 0.438161 0.477555 0.012566 0.021081
1 0.549272 0.497024 0.016534 0.026786
1 0.554729 0.488963 0.012235 0.023065
1 0.530258 0.484499 0.012897 0.022073
1 0.542328 0.471726 0.009921 0.018353
1 0.524636 0.475694 0.008267 0.019841
1 0.529597 0.477307 0.009590 0.014633
1 0.578042 0.481771 0.012566 0.021081
1 0.581845 0.486731 0.012897 0.016121
1 0.555721 0.472222 0.010913 0.016865
1 0.561012 0.476190 0.011574 0.018849
1 0.542989 0.455853 0.008598 0.013889
1 0.534557 0.457217 0.010251 0.015625
1 0.576720 0.458829 0.009921 0.014881
1 0.503307 0.468378 0.011243 0.019593
1 0.467262 0.462426 0.011243 0.016617
1 0.481978 0.464534 0.011574 0.016865
1 0.491898 0.462922 0.008929 0.015625
1 0.476687 0.452381 0.008267 0.012897
1 0.485780 0.456597 0.009259 0.011905
1 0.893519 0.709697 0.079365 0.100446
1 0.858135 0.674851 0.076720 0.064980
1 0.801587 0.619544 0.052249 0.070437
1 0.744874 0.582713 0.037368 0.055308
3 0.435185 0.819072 0.565476 0.361855
0 0.319775 0.698413 0.136243 0.128968
0 0.752480 0.725322 0.141865 0.146577
0 0.960152 0.818452 0.079696 0.146329
0 0.637897 0.589410 0.074735 0.066716
0 0.432209 0.559152 0.058201 0.052827
0 0.505787 0.505208 0.044643 0.034722
0 0.623843 0.514385 0.048611 0.037698
0 0.769841 0.546627 0.118386 0.040675
0 0.592427 0.500372 0.036706 0.030506
0 0.559028 0.459077 0.024802 0.017857
0 0.468254 0.482639 0.034392 0.025298
0 0.449239 0.462798 0.026786 0.025794
0 0.426257 0.451389 0.021164 0.015377
0 0.466766 0.456969 0.018188 0.014137
0 0.473876 0.446429 0.021825 0.011409
0 0.421958 0.441840 0.019180 0.005704
0 0.431217 0.441220 0.013889 0.006944
1 0.433697 0.444568 0.006944 0.008681
0 0.438161 0.436880 0.015873 0.013641
0 0.450066 0.444568 0.017196 0.008185
3 0.425099 0.426835 0.011574 0.009425
0 0.417659 0.436260 0.014550 0.006944
0 0.425099 0.434028 0.012897 0.006944
