0 0.446677 0.654927 0.087302 0.143188
0 0.757316 0.672288 0.063740 0.115079
3 0.819320 0.511574 0.081597 0.102513
0 0.726066 0.545470 0.041419 0.063161
1 0.599578 0.689484 0.027034 0.095899
0 0.537822 0.550265 0.050347 0.079365
0 0.602555 0.537698 0.036458 0.048280
1 0.580357 0.514054 0.013393 0.041997
1 0.598958 0.500992 0.012897 0.027116
1 0.659722 0.466601 0.011409 0.027778
2 0.619916 0.446925 0.043403 0.068452
0 0.708953 0.461806 0.021577 0.043320
3 0.731895 0.440311 0.028274 0.050595
0 0.777778 0.466270 0.030754 0.052910
1 0.738715 0.512070 0.014137 0.034061
1 0.762773 0.531581 0.016121 0.044643
1 0.787326 0.561508 0.018105 0.053571
1 0.757440 0.892196 0.043155 0.154101
0 0.655010 0.417328 0.015873 0.017196
0 0.648686 0.398479 0.010169 0.013228
0 0.670387 0.385747 0.006944 0.007606
1 0.677827 0.401290 0.005456 0.012897
2 0.703497 0.415509 0.024554 0.048611
2 0.736979 0.409226 0.018105 0.018849
3 0.549851 0.420470 0.053571 0.032738
3 0.407986 0.468089 0.071429 0.051918
