1 0.422123 0.864583 0.090939 0.202381
1 0.292163 0.746032 0.076389 0.144345
0 0.384755 0.563368 0.091601 0.072173
1 0.485946 0.538070 0.032077 0.054315
1 0.449570 0.518105 0.028770 0.047619
1 0.634590 0.561136 0.038360 0.062252
1 0.659061 0.529514 0.028439 0.051091
1 0.625165 0.505828 0.023479 0.040923
1 0.575231 0.498884 0.030093 0.034970
1 0.601687 0.491195 0.022156 0.033978
1 0.491898 0.494048 0.024140 0.037698
1 0.527778 0.479167 0.019841 0.031746
1 0.554067 0.473338 0.018188 0.030506
1 0.594411 0.478299 0.018188 0.027034
1 0.596561 0.461930 0.015873 0.022569
1 0.579696 0.455357 0.014550 0.023313
1 0.570106 0.446057 0.014550 0.020585
1 0.551587 0.447545 0.012566 0.018601
1 0.537368 0.439236 0.011905 0.019345
1 0.690642 0.486731 0.026124 0.032986
1 0.485780 0.442832 0.013228 0.011657
1 0.467593 0.452257 0.007275 0.021081
1 0.478175 0.432416 0.009921 0.016121
1 0.466435 0.434152 0.009590 0.017609
1 0.453704 0.436012 0.012566 0.007440
1 0.455522 0.426091 0.009590 0.014881
1 0.437665 0.426339 0.009590 0.017361
1 0.486607 0.412946 0.006283 0.012401
1 0.529431 0.416543 0.007275 0.013641
1 0.521329 0.418279 0.004960 0.014633
0 0.628472 0.786706 0.174272 0.205853
0 0.819114 0.590526 0.200397 0.129464
0 0.728175 0.512897 0.070106 0.043155
0 0.637731 0.465402 0.043981 0.043403
0 0.535714 0.519717 0.049603 0.048363
0 0.493386 0.468378 0.036376 0.039931
0 0.449901 0.455605 0.030754 0.034226
0 0.506448 0.444196 0.026124 0.021329
0 0.508267 0.436012 0.027778 0.019841
0 0.550430 0.433532 0.021495 0.017361
0 0.540013 0.423859 0.018519 0.014881
0 0.470734 0.416543 0.018188 0.013641
0 0.461806 0.400918 0.018188 0.015129
0 0.475860 0.400174 0.012566 0.009177
3 0.505456 0.418899 0.028108 0.032242
3 0.506448 0.397197 0.016865 0.016617
0 0.484788 0.398438 0.009259 0.008185
0 0.519345 0.398562 0.010251 0.008433
3 0.437996 0.397073 0.011574 0.017361
1 0.543320 0.407738 0.009259 0.013393
1 0.546627 0.416171 0.007937 0.010417
1 0.528274 0.403770 0.006944 0.008929
