1 0.161541 0.898934 0.122685 0.202133
1 0.595403 0.821553 0.086971 0.190228
1 0.760747 0.786458 0.086971 0.148810
1 0.678241 0.677207 0.060185 0.103423
1 0.579861 0.612847 0.037368 0.079861
1 0.703869 0.611111 0.046627 0.074405
1 0.606978 0.571305 0.040013 0.058780
1 0.654762 0.562252 0.033730 0.056548
1 0.479332 0.566468 0.040013 0.058036
1 0.300265 0.623264 0.048280 0.082341
1 0.467593 0.513393 0.023810 0.037698
1 0.421958 0.502480 0.025132 0.038194
1 0.415675 0.467262 0.015212 0.024306
1 0.309028 0.495660 0.033399 0.034970
1 0.480655 0.468378 0.014220 0.024058
1 0.486607 0.462798 0.010913 0.019841
1 0.494544 0.453497 0.009590 0.023065
1 0.561012 0.465154 0.014220 0.015129
1 0.570767 0.462178 0.012566 0.018601
1 0.583995 0.459573 0.011905 0.021825
1 0.594081 0.456473 0.011574 0.022073
1 0.548942 0.451141 0.011243 0.019345
1 0.560351 0.449777 0.010913 0.017609
1 0.491567 0.441964 0.008929 0.014385
1 0.476025 0.438120 0.008267 0.014633
1 0.539021 0.426959 0.008598 0.011657
1 0.548611 0.422495 0.005952 0.011657
1 0.461640 0.427331 0.008598 0.012897
1 0.500165 0.428695 0.008267 0.013145
1 0.694444 0.500868 0.029101 0.032986
1 0.470734 0.416667 0.006283 0.009921
1 0.559193 0.430680 0.013889 0.018105
3 0.442956 0.410466 0.012235 0.017361
3 0.516865 0.428199 0.027116 0.026042
3 0.447586 0.403646 0.013558 0.013145
3 0.459821 0.403770 0.016865 0.013889
0 0.446429 0.441096 0.029101 0.028026
0 0.468419 0.453745 0.028108 0.020089
0 0.448247 0.472470 0.035384 0.024802
0 0.524306 0.499380 0.047288 0.039435
0 0.576389 0.519097 0.046958 0.045139
0 0.567130 0.485119 0.037698 0.029762
0 0.637731 0.492063 0.042659 0.050099
0 0.483796 0.427083 0.015873 0.012401
0 0.496693 0.417907 0.012566 0.009425
0 0.481978 0.412202 0.012235 0.011905
0 0.536045 0.415179 0.013228 0.009425
0 0.525132 0.415551 0.011905 0.007192
0 0.243386 0.512029 0.107804 0.044395
0 0.486276 0.709449 0.120040 0.200149
0 0.063327 0.808780 0.124669 0.248016
1 0.975198 0.825769 0.049603 0.156002
0 0.828373 0.609623 0.208333 0.135417
0 0.730820 0.526910 0.069444 0.046875
