1 0.709160 0.895461 0.122024 0.209077
1 0.802083 0.798611 0.090939 0.150794
1 0.278274 0.637401 0.059193 0.098214
1 0.359127 0.500372 0.025794 0.038938
1 0.404266 0.489583 0.024802 0.021329
1 0.436673 0.501984 0.024140 0.039187
1 0.479993 0.464286 0.014881 0.023810
1 0.475860 0.454489 0.012566 0.019593
1 0.448743 0.438120 0.010582 0.018601
1 0.575066 0.491071 0.021825 0.026290
1 0.589451 0.483879 0.017526 0.031250
1 0.570437 0.468750 0.016534 0.028770
1 0.559193 0.460689 0.013228 0.024554
1 0.565476 0.448909 0.012566 0.019841
1 0.599702 0.466642 0.012235 0.025546
1 0.607804 0.474702 0.014550 0.029266
1 0.545304 0.432292 0.008598 0.015377
1 0.493552 0.435764 0.010251 0.016865
1 0.454861 0.425595 0.008929 0.013889
1 0.456680 0.418279 0.007937 0.011657
1 0.496693 0.423983 0.008598 0.013641
1 0.204365 0.499008 0.048942 0.038194
1 0.975364 0.820933 0.049272 0.123512
0 0.606481 0.640377 0.104497 0.113095
0 0.826058 0.598958 0.209656 0.133433
0 0.730324 0.517981 0.069775 0.046379
0 0.637401 0.510417 0.053902 0.065972
0 0.530423 0.559276 0.080026 0.073909
0 0.574074 0.530134 0.058862 0.054812
3 0.516038 0.480159 0.067130 0.077381
0 0.395999 0.522817 0.065807 0.050595
0 0.431052 0.473586 0.045304 0.030506
0 0.422784 0.453249 0.045304 0.039435
0 0.481812 0.429315 0.018519 0.016369
0 0.476852 0.424231 0.015212 0.014137
0 0.497520 0.418403 0.016204 0.011905
3 0.515708 0.433036 0.033399 0.030754
0 0.538029 0.424727 0.015873 0.015625
0 0.528274 0.415179 0.015542 0.008929
0 0.504134 0.409102 0.016204 0.008185
0 0.478175 0.410590 0.013228 0.015625
1 0.483962 0.414435 0.006944 0.011409
0 0.526786 0.409102 0.014550 0.009673
1 0.551257 0.409722 0.004630 0.010417
1 0.556217 0.420263 0.007937 0.013145
1 0.564153 0.429315 0.013889 0.019841
0 0.551257 0.406870 0.017196 0.009673
0 0.492229 0.402902 0.011574 0.007688
0 0.476521 0.400050 0.012566 0.007937
3 0.441634 0.401786 0.013558 0.016865
3 0.445602 0.395213 0.014220 0.014633
3 0.457672 0.394469 0.017196 0.014137
1 0.463459 0.407614 0.006283 0.011161
0 0.483796 0.398562 0.013889 0.010913
0 0.508598 0.394965 0.009921 0.009177
1 0.696098 0.492932 0.027778 0.031994
