1 0.114418 0.856027 0.114418 0.192212
1 0.384590 0.591518 0.042989 0.070437
1 0.411376 0.537202 0.030423 0.051587
1 0.603009 0.603795 0.039352 0.073661
1 0.589451 0.552579 0.028108 0.054563
1 0.584325 0.522941 0.027778 0.040427
1 0.607970 0.510913 0.024140 0.040675
1 0.638724 0.511781 0.025463 0.025546
1 0.584160 0.491443 0.024802 0.030010
1 0.570933 0.461558 0.015542 0.022817
1 0.542493 0.457465 0.013558 0.025546
1 0.376323 0.475322 0.022487 0.029018
1 0.417824 0.464162 0.016865 0.023065
1 0.462302 0.468254 0.013889 0.025794
1 0.476025 0.463046 0.012235 0.026290
1 0.437500 0.446677 0.012566 0.021329
1 0.444940 0.440228 0.008929 0.015873
1 0.441964 0.423859 0.006944 0.013393
1 0.448082 0.425595 0.007937 0.013889
1 0.520999 0.430432 0.009590 0.010665
1 0.484623 0.435268 0.009590 0.012897
1 0.562335 0.432168 0.008267 0.015129
1 0.691799 0.494668 0.028439 0.033978
0 0.476852 0.423983 0.016534 0.018601
0 0.469907 0.441592 0.019180 0.018601
0 0.478505 0.450149 0.022487 0.020833
0 0.535714 0.437004 0.019180 0.017857
0 0.551257 0.448785 0.023148 0.021081
0 0.507771 0.424975 0.018188 0.013641
0 0.520007 0.418279 0.015542 0.011657
0 0.535384 0.411210 0.013889 0.009921
0 0.469577 0.409598 0.015873 0.013641
0 0.491567 0.406002 0.012897 0.009425
0 0.536706 0.487475 0.039021 0.036954
0 0.277612 0.589534 0.123347 0.080853
0 0.661541 0.695809 0.143849 0.138145
0 0.438823 0.863591 0.254630 0.272817
0 0.824735 0.599578 0.208333 0.132192
0 0.662533 0.562376 0.079034 0.097470
0 0.727183 0.521081 0.068122 0.045139
1 0.488922 0.417907 0.006944 0.011905
1 0.503472 0.412078 0.006944 0.010665
1 0.515212 0.409474 0.006614 0.009425
1 0.541501 0.417287 0.006944 0.010665
1 0.571594 0.440972 0.018188 0.023810
