1 0.066303 0.901786 0.129299 0.196429
1 0.697917 0.901290 0.147156 0.197421
1 0.828208 0.900546 0.127315 0.198909
1 0.588955 0.721602 0.083333 0.165427
1 0.899471 0.686632 0.085317 0.146577
1 0.783069 0.523189 0.043651 0.067212
1 0.736772 0.475198 0.038360 0.061508
1 0.634921 0.469246 0.027116 0.053075
1 0.636409 0.443328 0.026124 0.025050
1 0.796131 0.412450 0.029431 0.037202
1 0.408399 0.435144 0.027778 0.034474
1 0.454861 0.420883 0.022817 0.029266
1 0.487765 0.422495 0.019841 0.031994
1 0.514550 0.410962 0.019180 0.028274
1 0.510582 0.393849 0.014550 0.021825
1 0.536045 0.390873 0.013228 0.023313
1 0.617394 0.389633 0.019841 0.016865
1 0.656581 0.401910 0.018188 0.026042
1 0.653439 0.384549 0.013889 0.021081
1 0.668651 0.375992 0.014550 0.021825
1 0.623016 0.373512 0.012566 0.011905
1 0.634094 0.357143 0.008929 0.015873
1 0.614583 0.360491 0.010913 0.016121
1 0.620370 0.350198 0.009259 0.014881
1 0.587632 0.356895 0.009259 0.014881
1 0.604332 0.353671 0.008929 0.014385
1 0.550595 0.367063 0.010582 0.018353
1 0.547784 0.352307 0.008267 0.012153
1 0.566138 0.355531 0.007937 0.014633
1 0.562004 0.349082 0.006283 0.013145
1 0.598545 0.348214 0.006614 0.011905
1 0.610780 0.344742 0.005291 0.011905
1 0.681052 0.363467 0.013558 0.019097
1 0.698909 0.377852 0.014220 0.018105
1 0.691964 0.392981 0.024140 0.034474
0 0.327546 0.873016 0.340278 0.253968
0 0.677083 0.608631 0.115410 0.125000
0 0.934854 0.519593 0.130291 0.125000
3 0.484127 0.524058 0.187169 0.183532
0 0.532242 0.429439 0.051918 0.017113
0 0.538029 0.414559 0.045635 0.026538
0 0.609623 0.410838 0.037368 0.031994
0 0.702877 0.449777 0.058532 0.052827
0 0.676422 0.416791 0.045304 0.038938
0 0.621197 0.392113 0.034061 0.024306
0 0.556217 0.391741 0.031746 0.032490
0 0.532077 0.376116 0.027778 0.028522
0 0.595899 0.370040 0.027116 0.019345
0 0.537533 0.362103 0.016865 0.015377
0 0.634425 0.347594 0.018188 0.013641
0 0.583499 0.348710 0.017526 0.011905
0 0.557870 0.337674 0.015212 0.014633
0 0.579696 0.335565 0.019841 0.009425
0 0.613426 0.335317 0.016534 0.015377
3 0.529431 0.337426 0.016534 0.017113
3 0.583995 0.323909 0.015873 0.013393
0 0.554398 0.330977 0.014881 0.012153
0 0.567130 0.335193 0.008598 0.009177
0 0.837963 0.437748 0.074735 0.046627
1 0.650628 0.343874 0.007606 0.012153
1 0.629464 0.334573 0.004960 0.010913
