0 0.751323 0.747148 0.177249 0.185268
0 0.306548 0.656994 0.152778 0.124008
0 0.269841 0.593006 0.132937 0.086806
0 0.533896 0.586930 0.085648 0.091518
0 0.668320 0.559028 0.087963 0.074901
0 0.765046 0.507564 0.067791 0.047371
0 0.548446 0.508805 0.059193 0.049851
0 0.444444 0.498636 0.056217 0.060268
1 0.506944 0.472594 0.017857 0.033978
0 0.499008 0.453869 0.042989 0.025794
0 0.467758 0.443824 0.026124 0.025050
0 0.341766 0.474206 0.098214 0.051587
0 0.535384 0.425967 0.022487 0.016121
0 0.587302 0.422495 0.021825 0.017113
0 0.558532 0.417783 0.018519 0.014633
0 0.498016 0.408482 0.020503 0.018353
0 0.524306 0.407118 0.018849 0.014633
0 0.546627 0.408854 0.019841 0.020585
0 0.503803 0.395461 0.011574 0.007688
0 0.515212 0.401166 0.015873 0.012649
0 0.532077 0.398810 0.012566 0.009425
0 0.515542 0.391741 0.011243 0.009177
0 0.497520 0.390129 0.014220 0.014881
0 0.509094 0.386657 0.010913 0.009425
3 0.473876 0.393477 0.014550 0.018105
3 0.522983 0.384921 0.017526 0.013393
3 0.531911 0.381076 0.012235 0.010169
3 0.477183 0.385541 0.014550 0.012649
3 0.489087 0.386161 0.015873 0.015377
1 0.440311 0.550843 0.041336 0.062500
1 0.571594 0.541171 0.034061 0.054563
1 0.607804 0.491691 0.021164 0.036458
1 0.569444 0.477927 0.021825 0.031250
1 0.628968 0.474702 0.018519 0.033234
1 0.648810 0.463790 0.016534 0.029266
1 0.659888 0.486359 0.032738 0.049107
1 0.727513 0.480779 0.026455 0.035962
1 0.597884 0.445933 0.013228 0.022817
1 0.622189 0.429191 0.012235 0.018601
1 0.590774 0.411086 0.008929 0.011657
1 0.587302 0.431920 0.011243 0.018601
1 0.545139 0.443328 0.014881 0.021081
1 0.550926 0.452133 0.015212 0.021825
1 0.551918 0.465898 0.017196 0.028026
1 0.514550 0.434028 0.008598 0.025298
1 0.491237 0.435516 0.013558 0.017857
1 0.475860 0.431052 0.013228 0.015873
1 0.571925 0.404638 0.006283 0.012649
1 0.557209 0.404266 0.004630 0.011905
1 0.513062 0.405630 0.005622 0.012153
1 0.124173 0.496776 0.059854 0.041171
1 0.027447 0.506944 0.054233 0.045635
0 0.547784 0.390005 0.012897 0.009177
0 0.562004 0.385045 0.008267 0.007192
1 0.569775 0.386533 0.004630 0.007688
1 0.564153 0.398686 0.005952 0.011161
1 0.581845 0.398189 0.006944 0.010169
