0 0.478671 0.898934 0.241733 0.202133
0 0.518849 0.644593 0.123677 0.123512
0 0.784557 0.687004 0.171627 0.138889
0 0.338459 0.597594 0.117394 0.119296
1 0.030754 0.866319 0.060847 0.179563
0 0.766534 0.510541 0.071429 0.047867
0 0.408565 0.481151 0.084987 0.032242
0 0.441799 0.463294 0.044974 0.031250
0 0.542493 0.450149 0.031415 0.024802
0 0.562335 0.436136 0.022156 0.020089
0 0.600529 0.438740 0.028439 0.022817
0 0.529266 0.426711 0.030754 0.028522
0 0.494213 0.424231 0.025463 0.026042
0 0.551753 0.419891 0.016865 0.015377
0 0.519015 0.412822 0.019511 0.014633
0 0.539187 0.409226 0.014881 0.009921
0 0.500992 0.404266 0.013228 0.009425
0 0.510251 0.398934 0.013889 0.011657
0 0.520999 0.397445 0.010251 0.008185
0 0.548942 0.396701 0.013889 0.012153
0 0.498181 0.395585 0.014881 0.014881
0 0.504960 0.390253 0.010582 0.007688
3 0.475860 0.396329 0.014550 0.017857
3 0.521164 0.391121 0.017196 0.013889
3 0.491071 0.389509 0.015212 0.014633
3 0.478836 0.389385 0.013889 0.015377
1 0.692295 0.797495 0.088294 0.160962
1 0.613757 0.591394 0.039021 0.073661
1 0.574901 0.553695 0.036706 0.062748
1 0.527778 0.533730 0.029762 0.051587
1 0.470734 0.545263 0.031415 0.060268
1 0.448082 0.521949 0.030423 0.048859
1 0.508267 0.475570 0.019180 0.033482
1 0.550099 0.485119 0.022817 0.036210
1 0.640212 0.512401 0.025132 0.042659
1 0.617890 0.476562 0.020172 0.033482
1 0.603671 0.454241 0.018849 0.024058
1 0.485119 0.458333 0.015873 0.025794
1 0.457837 0.451761 0.013558 0.019097
1 0.559358 0.459573 0.014881 0.027282
1 0.572751 0.444072 0.013889 0.021577
1 0.577546 0.423115 0.008929 0.015873
1 0.624504 0.431672 0.010913 0.018105
1 0.598380 0.422495 0.010913 0.013145
1 0.583333 0.412822 0.007275 0.013145
1 0.570602 0.413566 0.007606 0.013145
1 0.508763 0.421751 0.007606 0.016617
1 0.526620 0.410838 0.009590 0.005704
1 0.540179 0.414683 0.007606 0.013393
1 0.480489 0.411706 0.006614 0.013393
1 0.581515 0.400918 0.006944 0.010169
1 0.571594 0.405878 0.006944 0.010169
1 0.566303 0.405878 0.004960 0.010665
1 0.561839 0.403770 0.005291 0.009921
1 0.559854 0.410838 0.006614 0.011161
1 0.550761 0.409846 0.006944 0.006696
1 0.572090 0.399306 0.005291 0.006944
1 0.728340 0.483507 0.027447 0.035962
