1 0.694444 0.953745 0.132275 0.092510
1 0.568783 0.771701 0.078042 0.150050
1 0.462632 0.722098 0.065476 0.121776
1 0.357639 0.780010 0.079696 0.171627
1 0.316799 0.696305 0.063492 0.113839
1 0.424769 0.599702 0.042659 0.079861
1 0.543320 0.590402 0.043651 0.075149
1 0.669643 0.611483 0.047619 0.081597
1 0.554894 0.515873 0.025794 0.044147
1 0.644345 0.521825 0.028770 0.045635
1 0.615079 0.486235 0.024471 0.032986
1 0.576224 0.478299 0.019511 0.031498
1 0.408234 0.481151 0.028770 0.033234
1 0.579696 0.448537 0.014550 0.018601
1 0.603671 0.436756 0.011574 0.017857
1 0.619709 0.434276 0.009259 0.018353
1 0.469081 0.424107 0.010251 0.012401
1 0.488261 0.429563 0.009590 0.014881
1 0.481647 0.423239 0.009590 0.012649
1 0.506448 0.435392 0.011574 0.008681
1 0.517030 0.433284 0.009590 0.018849
1 0.520668 0.426959 0.008929 0.013145
1 0.544808 0.429563 0.010913 0.015377
1 0.561177 0.425223 0.009921 0.015129
1 0.570437 0.429439 0.010582 0.015625
1 0.583499 0.431300 0.012235 0.018353
1 0.579861 0.422371 0.009590 0.014881
1 0.492229 0.419023 0.008267 0.014633
1 0.514716 0.415427 0.007606 0.010417
1 0.550761 0.414435 0.008267 0.012401
1 0.531581 0.414559 0.006944 0.012649
1 0.559358 0.413566 0.007606 0.011657
1 0.563492 0.402282 0.004630 0.009921
1 0.557044 0.402530 0.005622 0.009921
1 0.543485 0.408358 0.005622 0.012649
1 0.481647 0.412450 0.006283 0.012897
1 0.715112 0.497892 0.021495 0.039931
1 0.725529 0.486731 0.023810 0.034474
0 0.919808 0.909474 0.160384 0.181052
0 0.104001 0.873512 0.197421 0.252976
0 0.113757 0.510293 0.163360 0.037946
0 0.310516 0.493180 0.087963 0.042411
0 0.538690 0.489707 0.045635 0.036458
0 0.571263 0.464410 0.034061 0.028522
0 0.612765 0.459945 0.034392 0.027034
0 0.496032 0.460689 0.048280 0.046875
0 0.530589 0.446057 0.030093 0.027034
0 0.555556 0.439608 0.023148 0.020585
0 0.469577 0.446305 0.037698 0.035962
0 0.520503 0.424975 0.022487 0.017609
0 0.542493 0.423363 0.018849 0.015873
0 0.490741 0.416047 0.016534 0.013145
0 0.498347 0.408730 0.015212 0.014881
0 0.492229 0.402530 0.015542 0.016865
0 0.515212 0.405010 0.013889 0.009921
0 0.548280 0.402654 0.015212 0.012649
0 0.530258 0.398562 0.010913 0.009425
0 0.504960 0.397817 0.007937 0.007937
0 0.488261 0.396949 0.011574 0.011161
3 0.471230 0.400174 0.015212 0.019593
0 0.560351 0.394097 0.008929 0.006448
1 0.549603 0.394345 0.004630 0.005952
0 0.537533 0.394965 0.010913 0.008185
3 0.516204 0.396205 0.015873 0.015625
3 0.473710 0.392237 0.013558 0.015129
3 0.486111 0.389509 0.017196 0.011657
3 0.501819 0.389881 0.020833 0.012897
3 0.520007 0.388145 0.015542 0.011905
3 0.539021 0.384177 0.012566 0.007937
0 0.762401 0.513765 0.068452 0.046379
1 0.576554 0.408358 0.006283 0.010665
1 0.568948 0.416171 0.004960 0.013393
1 0.570767 0.408854 0.005952 0.011657
