1 0.598049 0.925099 0.143849 0.149802
0 0.269345 0.728919 0.237765 0.287202
0 0.547619 0.683160 0.135582 0.131696
0 0.565807 0.546875 0.064153 0.063492
0 0.629630 0.495288 0.050926 0.043155
0 0.545470 0.485243 0.040013 0.035466
0 0.471561 0.509673 0.071429 0.053571
0 0.229828 0.495164 0.160053 0.062252
0 0.755787 0.513765 0.070437 0.047867
0 0.518022 0.450273 0.034061 0.026538
0 0.552579 0.445437 0.027116 0.018849
0 0.475033 0.432044 0.022156 0.016369
0 0.487765 0.421751 0.018519 0.020089
0 0.513062 0.419395 0.018849 0.012897
0 0.548611 0.412326 0.017857 0.016617
0 0.529597 0.404638 0.012897 0.008185
0 0.485119 0.399554 0.015212 0.011905
0 0.480655 0.411706 0.020172 0.020833
0 0.531085 0.398562 0.012566 0.009425
0 0.523810 0.393353 0.009259 0.007937
0 0.532407 0.393353 0.011243 0.008929
0 0.553075 0.396577 0.008929 0.007937
3 0.467923 0.399554 0.021164 0.019841
3 0.469577 0.389261 0.014550 0.009673
3 0.482804 0.389757 0.021164 0.012649
3 0.503968 0.390501 0.019180 0.014137
3 0.510747 0.402654 0.019511 0.022073
1 0.784392 0.676339 0.075397 0.101687
1 0.645337 0.625000 0.051257 0.078373
1 0.676091 0.564608 0.041997 0.059772
1 0.769841 0.573661 0.044312 0.065476
1 0.719742 0.486979 0.026786 0.033482
1 0.547784 0.510045 0.025463 0.036954
1 0.593750 0.478051 0.019511 0.033482
1 0.577546 0.462054 0.016204 0.025298
1 0.538360 0.465402 0.015873 0.021081
1 0.552249 0.461806 0.016534 0.019841
1 0.475529 0.458209 0.017196 0.023562
1 0.588955 0.455233 0.015873 0.023562
1 0.621362 0.457837 0.017857 0.024306
1 0.615575 0.434772 0.014220 0.018353
1 0.584821 0.441468 0.012235 0.017857
1 0.592758 0.436384 0.012235 0.019097
1 0.565642 0.436756 0.011574 0.017857
1 0.573247 0.435020 0.010913 0.018353
1 0.572090 0.424975 0.011243 0.011161
1 0.580688 0.418155 0.008598 0.013889
1 0.588128 0.424231 0.009590 0.015625
1 0.555390 0.430556 0.012897 0.011409
1 0.534722 0.435392 0.010582 0.017609
1 0.542328 0.430556 0.009921 0.014881
1 0.517196 0.433904 0.013889 0.009673
1 0.531085 0.426711 0.011243 0.016121
1 0.529266 0.415799 0.008267 0.014137
1 0.434854 0.457961 0.016534 0.026538
1 0.451720 0.453745 0.016534 0.022569
1 0.459656 0.443452 0.013228 0.018849
1 0.481151 0.439980 0.011905 0.019841
1 0.468089 0.422123 0.008267 0.013393
1 0.424107 0.488839 0.024140 0.036210
1 0.369048 0.478795 0.023810 0.029514
1 0.348214 0.549479 0.037698 0.057292
1 0.268022 0.583085 0.053241 0.042163
1 0.939484 0.700521 0.121032 0.162946
