1 0.167824 0.661706 0.069114 0.102679
1 0.969411 0.804191 0.061177 0.132192
1 0.784392 0.706845 0.083333 0.123016
1 0.895668 0.682664 0.080357 0.109871
1 0.583664 0.634177 0.050265 0.091270
1 0.588294 0.519841 0.023810 0.048611
1 0.562665 0.508433 0.024802 0.044643
1 0.629630 0.489831 0.020503 0.037698
1 0.637235 0.471602 0.019180 0.026042
1 0.720734 0.484871 0.024802 0.034226
1 0.596726 0.493180 0.021495 0.034970
1 0.573578 0.493428 0.019511 0.033482
1 0.551257 0.490079 0.021164 0.038194
1 0.570602 0.474454 0.018849 0.019345
1 0.606481 0.465402 0.017196 0.027034
1 0.611442 0.451017 0.013889 0.021577
1 0.597553 0.454861 0.013228 0.025794
1 0.585648 0.456721 0.014550 0.024554
1 0.567130 0.448041 0.013889 0.016121
1 0.575562 0.446429 0.012897 0.022321
1 0.585483 0.439484 0.010251 0.017857
1 0.596230 0.433904 0.011243 0.018105
1 0.573743 0.427207 0.009921 0.015625
1 0.587136 0.425347 0.010251 0.014881
1 0.580853 0.421503 0.008267 0.016617
1 0.540840 0.455233 0.014220 0.023065
1 0.547454 0.444940 0.010913 0.018849
1 0.555060 0.435888 0.010913 0.017609
1 0.545304 0.429812 0.007275 0.017857
1 0.557374 0.427207 0.009590 0.013641
1 0.527282 0.443700 0.014220 0.021825
1 0.505456 0.451017 0.014220 0.020089
1 0.515542 0.457589 0.015212 0.020337
1 0.451720 0.459325 0.019180 0.026290
1 0.422784 0.468502 0.020833 0.029762
0 0.499008 0.479167 0.050926 0.038194
1 0.458003 0.432540 0.010582 0.013889
1 0.471892 0.433904 0.013228 0.009177
1 0.509590 0.423735 0.008598 0.015129
1 0.525463 0.422619 0.011905 0.012401
1 0.533399 0.416419 0.007275 0.013889
1 0.554233 0.402654 0.006614 0.010665
1 0.564153 0.412078 0.007275 0.012649
0 0.320933 0.664559 0.185516 0.151042
0 0.673611 0.750124 0.189153 0.189236
0 0.537202 0.558284 0.068452 0.067956
0 0.658234 0.536582 0.068452 0.058284
0 0.759425 0.511781 0.067791 0.046875
0 0.565476 0.468874 0.034392 0.028026
0 0.464120 0.447173 0.028770 0.022321
0 0.518684 0.431424 0.022817 0.017113
0 0.483135 0.431424 0.022487 0.024058
0 0.550595 0.417535 0.020503 0.017113
0 0.531746 0.399802 0.013889 0.009921
3 0.478009 0.420263 0.023479 0.025050
1 0.617229 0.433160 0.010913 0.019097
3 0.471726 0.398313 0.022817 0.019841
0 0.491071 0.400298 0.015873 0.012897
0 0.501323 0.407366 0.007275 0.011657
3 0.496528 0.390997 0.020172 0.015625
0 0.521329 0.393105 0.009590 0.007937
0 0.510417 0.394717 0.010251 0.006200
0 0.554729 0.396453 0.011574 0.007688
1 0.567460 0.405506 0.005952 0.010913
1 0.308532 0.486483 0.035714 0.035962
1 0.353009 0.486855 0.032077 0.035218
