1 0.500165 0.863343 0.098876 0.195933
1 0.624504 0.978299 0.095569 0.043403
1 0.839120 0.918899 0.148479 0.162202
1 0.952712 0.909598 0.094577 0.180804
1 0.831515 0.753472 0.083003 0.137401
1 0.842427 0.678199 0.075066 0.113343
1 0.725860 0.663442 0.064815 0.110615
1 0.811673 0.601190 0.054563 0.078869
1 0.719907 0.590402 0.050926 0.065724
1 0.540509 0.658234 0.057209 0.104663
1 0.591270 0.599578 0.037698 0.073165
1 0.635417 0.560888 0.035384 0.061260
1 0.677910 0.543899 0.031746 0.056548
1 0.588624 0.550967 0.035053 0.051339
1 0.546296 0.577133 0.035714 0.066468
1 0.489253 0.550719 0.034722 0.057788
1 0.552579 0.511285 0.025132 0.043403
1 0.579365 0.490575 0.023810 0.039187
1 0.590608 0.473586 0.018519 0.031002
1 0.619874 0.485119 0.022817 0.035218
1 0.653108 0.500372 0.025132 0.041419
1 0.647983 0.483507 0.021495 0.029018
1 0.604497 0.456225 0.014550 0.025546
1 0.610450 0.433284 0.011243 0.018353
1 0.577050 0.444196 0.011243 0.021825
1 0.585152 0.440848 0.011574 0.019593
1 0.565476 0.431672 0.010582 0.018601
1 0.579530 0.429936 0.010913 0.017609
1 0.577050 0.423239 0.008598 0.017113
1 0.512897 0.455977 0.013228 0.024058
1 0.477017 0.468502 0.015542 0.030258
1 0.416171 0.478423 0.027447 0.032738
1 0.349702 0.484127 0.024140 0.033234
1 0.449570 0.445561 0.011574 0.022073
1 0.464120 0.438864 0.012235 0.020089
1 0.551091 0.436260 0.010913 0.008433
1 0.548776 0.412574 0.008267 0.014633
1 0.518022 0.406994 0.006944 0.012401
1 0.531085 0.403150 0.005952 0.010665
1 0.556713 0.401910 0.006944 0.009673
1 0.538525 0.401042 0.006283 0.009425
1 0.221396 0.725322 0.095569 0.123760
0 0.242890 0.851811 0.299934 0.296379
0 0.647983 0.751364 0.155093 0.183284
0 0.414021 0.539559 0.082011 0.058284
0 0.751984 0.511781 0.069444 0.047371
0 0.556052 0.455605 0.035384 0.036210
0 0.536210 0.438120 0.022156 0.019593
0 0.529762 0.417659 0.021164 0.014881
0 0.275959 0.490947 0.093585 0.052331
0 0.472057 0.416171 0.018849 0.016865
0 0.499339 0.407986 0.013889 0.011905
0 0.547288 0.402902 0.012566 0.010665
0 0.524306 0.398065 0.012235 0.011905
0 0.509259 0.398189 0.011243 0.010169
3 0.469081 0.400050 0.026124 0.021329
3 0.492890 0.397941 0.022817 0.019593
3 0.502149 0.388641 0.020833 0.010913
3 0.498181 0.435268 0.039352 0.044643
