1 0.682374 0.655382 0.057209 0.106399
1 0.780919 0.624876 0.055886 0.092510
1 0.636905 0.536210 0.032407 0.051587
1 0.529597 0.517113 0.028108 0.047619
1 0.579530 0.474702 0.020833 0.031746
1 0.549603 0.462054 0.017196 0.028274
1 0.526620 0.459077 0.017526 0.029762
1 0.528935 0.443948 0.012897 0.016865
1 0.550265 0.442584 0.013228 0.019593
1 0.573247 0.446305 0.016204 0.021577
1 0.570933 0.436012 0.010913 0.014881
1 0.508763 0.431424 0.008929 0.019097
1 0.472553 0.468130 0.023148 0.028522
1 0.454034 0.461558 0.017857 0.027282
1 0.431878 0.460441 0.018519 0.028026
1 0.401620 0.465774 0.010913 0.027282
1 0.599702 0.429067 0.010913 0.017857
1 0.576224 0.419767 0.008929 0.014137
1 0.556713 0.419147 0.006944 0.014881
1 0.545304 0.421627 0.007937 0.015377
1 0.551753 0.414435 0.007606 0.013393
1 0.546131 0.411334 0.008267 0.012649
1 0.546131 0.404266 0.006944 0.007937
1 0.539021 0.402654 0.005952 0.010169
1 0.514716 0.416667 0.008929 0.015377
1 0.473545 0.419023 0.009259 0.015129
1 0.484954 0.402654 0.006944 0.010169
1 0.511243 0.407862 0.005952 0.012649
1 0.504960 0.408978 0.007937 0.011905
1 0.488261 0.397197 0.006283 0.010169
0 0.584325 0.584821 0.098545 0.098710
0 0.744709 0.505456 0.071429 0.046131
0 0.456515 0.501860 0.054563 0.046379
0 0.590608 0.461310 0.035714 0.029266
0 0.531415 0.422867 0.025132 0.028274
0 0.566138 0.424975 0.022487 0.017113
0 0.498181 0.418899 0.022817 0.013889
0 0.495370 0.412078 0.016534 0.009177
0 0.523479 0.409102 0.021164 0.020089
0 0.482804 0.393849 0.007937 0.008433
0 0.482474 0.387773 0.012566 0.009673
0 0.499835 0.389633 0.012235 0.005456
0 0.516369 0.398313 0.016204 0.015873
3 0.443452 0.430432 0.044974 0.045387
3 0.485119 0.440724 0.043651 0.041667
3 0.467758 0.404142 0.028108 0.025546
3 0.520833 0.391617 0.022487 0.014881
3 0.464451 0.386533 0.016865 0.011657
0 0.473214 0.391493 0.010582 0.004712
3 0.294643 0.474206 0.210317 0.083829
