2 0.478175 0.623512 0.146825 0.237765
0 0.733011 0.592593 0.044395 0.102513
0 0.586806 0.521660 0.039187 0.045966
1 0.652530 0.439484 0.006448 0.019180
1 0.674851 0.450066 0.008433 0.021825
0 0.655010 0.417328 0.011905 0.013228
1 0.668651 0.417989 0.004960 0.012566
2 0.715898 0.444610 0.034474 0.063161
3 0.748760 0.510251 0.056052 0.087963
3 0.817956 0.517692 0.075397 0.096892
1 0.757440 0.457176 0.008433 0.018188
1 0.707837 0.489583 0.011409 0.032738
1 0.755332 0.441468 0.012649 0.019841
0 0.713542 0.388393 0.004960 0.007606
