1 0.423942 0.914559 0.117063 0.170883
1 0.611111 0.620412 0.051587 0.084077
1 0.455357 0.595238 0.052910 0.070933
1 0.440642 0.556548 0.042659 0.061012
1 0.585483 0.508433 0.027447 0.044147
1 0.452216 0.498016 0.024802 0.041667
1 0.444940 0.468626 0.022156 0.032490
1 0.440972 0.445809 0.016865 0.021577
1 0.517857 0.450893 0.015873 0.027778
1 0.532242 0.471106 0.019511 0.033482
1 0.605655 0.469122 0.024802 0.032490
1 0.687831 0.497396 0.040344 0.042907
1 0.708168 0.521949 0.027447 0.052827
1 0.721396 0.551215 0.040675 0.067212
1 0.777943 0.569816 0.036045 0.062748
1 0.734127 0.495908 0.027116 0.040427
1 0.748181 0.487351 0.020833 0.035714
1 0.786210 0.485987 0.023479 0.038938
1 0.808036 0.466890 0.022817 0.032490
1 0.154266 0.678075 0.108135 0.106151
1 0.325562 0.470610 0.024802 0.017609
1 0.347222 0.442088 0.022487 0.027530
1 0.355489 0.422743 0.016534 0.016121
1 0.409226 0.429936 0.015542 0.020585
0 0.410880 0.455481 0.051918 0.035466
0 0.509921 0.510293 0.081349 0.090030
0 0.675099 0.477555 0.083003 0.048859
3 0.279762 0.549355 0.232804 0.149802
