1 0.037037 0.716518 0.073413 0.115079
1 0.713790 0.633805 0.055886 0.103919
1 0.765708 0.569816 0.037368 0.062252
1 0.664848 0.562004 0.036045 0.063988
1 0.591435 0.591022 0.041997 0.073413
1 0.578869 0.518353 0.028108 0.049603
1 0.577712 0.475942 0.023810 0.036706
1 0.657903 0.499752 0.038029 0.044147
1 0.691964 0.503472 0.037368 0.042659
1 0.498512 0.473462 0.023479 0.034722
1 0.458499 0.509797 0.030093 0.045387
1 0.481812 0.459449 0.019841 0.032986
1 0.466104 0.441468 0.021495 0.025298
1 0.404927 0.562748 0.043320 0.065476
1 0.269841 0.544271 0.042328 0.059772
1 0.335483 0.489831 0.028770 0.040179
1 0.396164 0.470610 0.020503 0.032490
1 0.333499 0.459449 0.019511 0.030506
1 0.407242 0.433160 0.014220 0.023562
1 0.372024 0.423363 0.016534 0.020337
0 0.458333 0.612599 0.144841 0.174603
0 0.450562 0.482763 0.062500 0.047371
0 0.662037 0.475570 0.086640 0.043403
1 0.734954 0.498760 0.028770 0.043651
1 0.747024 0.479911 0.026455 0.034722
3 0.038856 0.617932 0.075728 0.145585
