1 0.039187 0.731771 0.074405 0.118304
1 0.074074 0.651786 0.115079 0.106151
1 0.458168 0.544395 0.041997 0.065972
1 0.749339 0.565600 0.033730 0.063740
1 0.698909 0.534846 0.032738 0.059772
1 0.574735 0.478919 0.024471 0.041171
1 0.514220 0.472718 0.028439 0.037202
1 0.457011 0.440600 0.019180 0.027034
1 0.512566 0.442212 0.026455 0.027282
3 0.226852 0.536334 0.320106 0.163938
0 0.376157 0.483879 0.048611 0.049603
0 0.412864 0.440352 0.060516 0.040923
1 0.349868 0.432664 0.013889 0.030010
3 0.316634 0.432168 0.069775 0.059276
0 0.574570 0.598958 0.107474 0.107143
0 0.643022 0.472098 0.094246 0.050347
1 0.662864 0.445685 0.041997 0.025298
