0 0.290179 0.647197 0.145172 0.126736
0 0.505952 0.499628 0.084656 0.072669
0 0.644841 0.471230 0.079365 0.049107
0 0.413360 0.451761 0.045635 0.031002
0 0.403274 0.433532 0.043320 0.022817
0 0.342097 0.434524 0.053241 0.022817
3 0.320106 0.497892 0.115741 0.111855
1 0.296296 0.565476 0.066138 0.063988
1 0.421131 0.566220 0.050595 0.074405
1 0.429233 0.500248 0.027778 0.047619
1 0.435516 0.479911 0.023810 0.035714
1 0.589947 0.535094 0.033069 0.061260
1 0.744874 0.564732 0.032077 0.064484
1 0.740079 0.454737 0.038360 0.031002
1 0.548611 0.486607 0.030423 0.045139
1 0.489914 0.458705 0.020833 0.017113
0 0.340608 0.411582 0.027778 0.019097
