1 0.468750 0.615079 0.031415 0.051587
1 0.352017 0.523934 0.013558 0.020089
1 0.359127 0.500992 0.010582 0.007937
1 0.357143 0.497644 0.007937 0.011657
1 0.325562 0.475570 0.003638 0.006200
0 0.398975 0.548611 0.045966 0.032738
0 0.356151 0.512277 0.027778 0.018105
0 0.333664 0.501116 0.022487 0.023065
0 0.343585 0.492808 0.013889 0.010913
0 0.338790 0.488715 0.013558 0.008185
0 0.311673 0.471726 0.007606 0.005456
0 0.317460 0.465774 0.006614 0.004464
0 0.319444 0.471850 0.007937 0.006200
0 0.328704 0.469494 0.009259 0.004960
1 0.338459 0.480779 0.004960 0.007688
1 0.334491 0.482391 0.004299 0.007937
