2 0.161458 0.869544 0.322421 0.260913
0 0.486855 0.658069 0.080357 0.108466
0 0.786830 0.875165 0.125248 0.249669
3 0.809896 0.626653 0.130704 0.197751
1 0.726190 0.572917 0.021329 0.055225
2 0.716890 0.461640 0.039931 0.082672
3 0.815104 0.516369 0.076637 0.100198
1 0.708333 0.532242 0.017857 0.053241
1 0.751612 0.473380 0.010665 0.031415
1 0.649554 0.472884 0.008433 0.025794
1 0.620288 0.468254 0.010913 0.027116
1 0.663318 0.450066 0.009673 0.021164
0 0.775422 0.475364 0.029018 0.050595
0 0.637029 0.435351 0.014633 0.018188
1 0.657490 0.431217 0.005952 0.015212
0 0.647569 0.409061 0.009425 0.011243
