0 0.564153 0.708085 0.171958 0.118552
0 0.394180 0.555184 0.049603 0.034474
0 0.350198 0.525546 0.039021 0.038690
0 0.355489 0.504712 0.020503 0.015377
0 0.346892 0.498760 0.020503 0.012401
0 0.310020 0.471602 0.009590 0.006200
0 0.317130 0.464658 0.007275 0.004712
1 0.324405 0.494916 0.007937 0.012649
1 0.376323 0.512897 0.011243 0.017361
1 0.333499 0.492063 0.007606 0.011409
1 0.326389 0.482391 0.005952 0.010417
1 0.332507 0.482143 0.006283 0.009425
1 0.341931 0.485615 0.005952 0.009921
1 0.328538 0.478919 0.003638 0.007440
1 0.388393 0.533854 0.017526 0.012649
1 0.405754 0.599950 0.028439 0.047619
