1 0.638889 0.716146 0.078042 0.091518
1 0.447586 0.662946 0.046627 0.074405
1 0.374669 0.582961 0.026455 0.044891
1 0.389716 0.550471 0.019511 0.033482
1 0.403604 0.521577 0.018188 0.025298
1 0.368386 0.513641 0.015873 0.022321
1 0.365245 0.501736 0.013558 0.014385
1 0.329034 0.466518 0.006614 0.008433
1 0.314980 0.455109 0.003638 0.006448
1 0.320271 0.449033 0.003638 0.004712
1 0.319940 0.458953 0.003638 0.006200
1 0.309689 0.452753 0.003638 0.005208
0 0.500827 0.623636 0.080357 0.062252
0 0.438492 0.567584 0.062169 0.038938
0 0.327712 0.479663 0.017196 0.012897
0 0.333003 0.472966 0.013889 0.010417
0 0.322421 0.457589 0.007275 0.005456
