0 0.729993 0.804936 0.290675 0.168403
0 0.354167 0.536706 0.037698 0.033234
0 0.353009 0.504960 0.024802 0.018353
0 0.321098 0.466890 0.009259 0.007688
0 0.318618 0.463170 0.008929 0.006696
3 0.304067 0.453621 0.010913 0.008929
1 0.302745 0.464410 0.004960 0.006696
1 0.312169 0.465402 0.004630 0.006696
1 0.327712 0.469494 0.004630 0.008433
1 0.324901 0.480779 0.007606 0.011657
1 0.329200 0.484375 0.008267 0.013393
1 0.415344 0.585813 0.027778 0.042659
1 0.493056 0.616939 0.035053 0.052827
1 0.491402 0.658358 0.042989 0.071677
1 0.312831 0.454861 0.003968 0.005952
