1 0.950231 0.923859 0.099537 0.110615
1 0.423942 0.757937 0.056878 0.078373
1 0.422784 0.636781 0.024140 0.035962
1 0.373677 0.598338 0.009921 0.025050
1 0.355489 0.574653 0.012566 0.010913
1 0.336310 0.565848 0.007937 0.014633
1 0.320106 0.572049 0.005952 0.004216
1 0.327050 0.559648 0.007937 0.011161
1 0.325562 0.553695 0.005622 0.010169
1 0.316303 0.554563 0.006944 0.010913
0 0.516700 0.742808 0.122685 0.083829
0 0.324239 0.586930 0.028108 0.030010
0 0.303406 0.551463 0.014220 0.012649
0 0.320106 0.546503 0.011243 0.008185
0 0.306878 0.546875 0.014550 0.011905
0 0.298115 0.538194 0.008267 0.006448
0 0.310185 0.538442 0.004630 0.005952
3 0.346065 0.604291 0.057870 0.053819
