2 0.738343 0.503638 0.059028 0.127646
3 0.829985 0.511574 0.079117 0.108466
1 0.751860 0.698413 0.027530 0.105159
1 0.581721 0.577712 0.019097 0.059524
1 0.626116 0.550430 0.020089 0.047288
1 0.629216 0.515542 0.014881 0.027778
1 0.662574 0.482474 0.010665 0.029762
1 0.644841 0.482970 0.011905 0.029431
1 0.625372 0.479663 0.010169 0.030093
0 0.613715 0.469411 0.020585 0.028108
1 0.637525 0.445271 0.008185 0.018188
1 0.644345 0.455522 0.007937 0.019511
1 0.664807 0.446098 0.007688 0.025132
1 0.675471 0.437996 0.010665 0.018849
0 0.730283 0.393684 0.008681 0.009590
3 0.651414 0.395503 0.013641 0.019180
0 0.420511 0.443122 0.035466 0.025794
0 0.651290 0.410549 0.009425 0.013558
0 0.789062 0.466766 0.029514 0.053902
