3 0.929894 0.903398 0.140212 0.193204
1 0.702381 0.839410 0.087963 0.112847
1 0.396164 0.705481 0.041005 0.056796
1 0.497520 0.717138 0.038029 0.058780
1 0.440807 0.652902 0.028439 0.045883
1 0.394676 0.616071 0.019511 0.031746
1 0.379630 0.599082 0.016534 0.024554
1 0.353340 0.574901 0.012897 0.018849
1 0.349702 0.564608 0.010251 0.014137
1 0.333168 0.554563 0.006283 0.011409
1 0.323247 0.543775 0.007606 0.008185
1 0.313327 0.545139 0.005622 0.009921
1 0.310185 0.542039 0.005291 0.009177
0 0.320933 0.570188 0.026124 0.023810
0 0.321429 0.557292 0.024471 0.020337
0 0.324405 0.538814 0.011905 0.008185
0 0.305886 0.535838 0.010582 0.007688
0 0.479497 0.799479 0.194444 0.171379
0 0.297619 0.524678 0.007937 0.006696
