0 0.912202 0.953125 0.175595 0.093750
0 0.331845 0.589658 0.037368 0.032490
0 0.328208 0.564856 0.030754 0.021081
0 0.307374 0.539187 0.013558 0.008929
0 0.322090 0.538690 0.011905 0.007440
0 0.296462 0.524058 0.007606 0.006448
1 0.877315 0.899678 0.155423 0.104415
1 0.636243 0.913690 0.128307 0.148810
1 0.563988 0.761905 0.061177 0.092262
1 0.449405 0.679067 0.036376 0.055060
1 0.425595 0.643105 0.024471 0.039683
1 0.372354 0.598338 0.016534 0.027034
1 0.358796 0.573041 0.011243 0.017113
1 0.340939 0.564732 0.007937 0.015873
1 0.332011 0.552579 0.007937 0.008929
1 0.321594 0.550223 0.006283 0.010169
1 0.327050 0.548239 0.006614 0.010169
1 0.311508 0.546379 0.007937 0.009425
1 0.323247 0.541419 0.006283 0.008433
1 0.337963 0.545883 0.009259 0.008929
1 0.312996 0.534846 0.010913 0.007192
0 0.301587 0.536210 0.011243 0.007440
