1 0.971396 0.934524 0.057209 0.109127
1 0.667824 0.828249 0.085648 0.108383
1 0.431878 0.658482 0.029762 0.051587
1 0.381779 0.588542 0.012897 0.023313
1 0.347222 0.560516 0.007937 0.014881
1 0.347718 0.551835 0.008929 0.011905
1 0.326554 0.560144 0.008267 0.015129
1 0.308697 0.551339 0.008267 0.012897
1 0.333168 0.550347 0.008929 0.011409
1 0.331184 0.543403 0.006944 0.009425
0 0.313657 0.538442 0.014220 0.011905
0 0.323413 0.534350 0.011243 0.007688
0 0.303075 0.534598 0.011574 0.008681
0 0.355324 0.592634 0.048611 0.042411
0 0.362269 0.637401 0.066468 0.062500
