0 0.528770 0.790799 0.231481 0.187748
0 0.423776 0.656126 0.100860 0.093502
0 0.317295 0.534350 0.016204 0.012649
0 0.306382 0.529762 0.012897 0.009425
0 0.322421 0.524306 0.011905 0.007440
0 0.310847 0.523686 0.009921 0.006200
0 0.296131 0.509797 0.006944 0.005704
1 0.424438 0.606275 0.021495 0.015129
1 0.384755 0.616815 0.022817 0.029762
1 0.371032 0.571553 0.013228 0.021081
1 0.356151 0.577133 0.015212 0.023810
1 0.325728 0.557292 0.011243 0.016865
1 0.347884 0.547867 0.008598 0.013889
1 0.332507 0.548115 0.009590 0.013889
1 0.337136 0.538566 0.006944 0.011161
1 0.350529 0.542659 0.013228 0.012401
1 0.297784 0.525298 0.003638 0.007440
1 0.300265 0.525918 0.003968 0.007688
