0 0.597057 0.784722 0.266865 0.200397
0 0.319610 0.541171 0.020172 0.015377
0 0.311177 0.536210 0.015212 0.012897
0 0.319444 0.528522 0.012566 0.007937
0 0.323082 0.525546 0.011905 0.006944
0 0.301753 0.514385 0.006283 0.004960
0 0.296792 0.511533 0.007606 0.006696
1 0.453042 0.694940 0.037698 0.063988
1 0.478836 0.668031 0.033069 0.051339
1 0.398975 0.617188 0.022156 0.035962
1 0.401620 0.598462 0.017526 0.025794
1 0.345403 0.575893 0.014881 0.021329
1 0.348049 0.558284 0.012235 0.016369
1 0.354001 0.553943 0.010251 0.016121
1 0.339120 0.548363 0.008929 0.014385
1 0.343915 0.544891 0.006614 0.013393
1 0.327546 0.534722 0.005622 0.011905
1 0.322586 0.530630 0.006944 0.008185
1 0.309524 0.523934 0.005952 0.009177
