1 0.693783 0.853423 0.121032 0.132937
1 0.590278 0.762649 0.061508 0.087302
1 0.473876 0.697297 0.043651 0.063244
1 0.445106 0.646205 0.025132 0.043403
1 0.381614 0.602431 0.019180 0.030258
1 0.367725 0.575273 0.016534 0.022073
1 0.364253 0.560268 0.012897 0.014881
1 0.337798 0.559276 0.010251 0.016865
1 0.349702 0.552207 0.009590 0.013641
1 0.334821 0.540055 0.008267 0.010665
1 0.332011 0.536582 0.004630 0.009673
1 0.324570 0.535094 0.006283 0.009673
1 0.305225 0.538194 0.007275 0.010913
0 0.315311 0.543279 0.016204 0.012153
0 0.324405 0.549479 0.021164 0.018105
0 0.324570 0.533606 0.015542 0.009673
0 0.325231 0.526538 0.010913 0.005952
0 0.300761 0.531126 0.004960 0.010169
