1 0.460813 0.862765 0.056548 0.165344
1 0.551835 0.771329 0.042659 0.130622
1 0.604539 0.600860 0.018105 0.073413
1 0.544767 0.591104 0.021081 0.057870
1 0.644469 0.514716 0.012153 0.037368
1 0.611359 0.543651 0.015873 0.042989
1 0.615575 0.509425 0.010913 0.034722
1 0.611731 0.490410 0.010169 0.026455
1 0.635293 0.476687 0.008681 0.027447
1 0.651414 0.464286 0.008681 0.023810
0 0.717634 0.449074 0.021081 0.036376
0 0.572049 0.539187 0.034970 0.049934
2 0.758805 0.598214 0.102431 0.224206
3 0.824653 0.514716 0.079861 0.100198
0 0.729911 0.405919 0.009921 0.011574
1 0.743800 0.416832 0.005952 0.014881
0 0.784226 0.470899 0.030754 0.049603
3 0.647321 0.405093 0.012897 0.023148
0 0.644717 0.417493 0.010169 0.013558
