1 0.499669 0.734003 0.066138 0.079117
1 0.501488 0.678447 0.040013 0.058780
1 0.445271 0.656994 0.028770 0.062004
1 0.448082 0.624876 0.029101 0.034970
1 0.383929 0.629464 0.024471 0.051091
1 0.336475 0.637401 0.031415 0.049603
1 0.404431 0.610987 0.026455 0.041915
1 0.369874 0.593502 0.022817 0.036210
1 0.365741 0.569692 0.017196 0.026290
1 0.305721 0.524554 0.007606 0.013393
1 0.321594 0.522321 0.008267 0.007937
1 0.295966 0.521577 0.007937 0.013393
1 0.312500 0.519593 0.007275 0.011905
1 0.307209 0.518725 0.006614 0.008681
1 0.288360 0.506200 0.005291 0.007937
1 0.304563 0.506200 0.006614 0.004464
3 0.279762 0.500248 0.015212 0.014881
0 0.294312 0.502356 0.010582 0.007192
0 0.302414 0.512773 0.012235 0.010169
0 0.292493 0.515873 0.013558 0.010417
0 0.284226 0.526662 0.018188 0.013641
0 0.321594 0.533606 0.024802 0.016617
0 0.332507 0.555432 0.036706 0.024554
3 0.276620 0.486855 0.010251 0.008929
