0 0.711144 0.823909 0.160384 0.180556
0 0.716931 0.554812 0.035053 0.024306
0 0.734292 0.528522 0.022156 0.014881
0 0.753638 0.506324 0.013228 0.009673
1 0.700397 0.699281 0.041005 0.072173
1 0.614418 0.684152 0.041667 0.069196
1 0.602679 0.653026 0.033399 0.054067
1 0.659226 0.617560 0.027447 0.044147
1 0.712467 0.589782 0.020833 0.036210
1 0.744709 0.604539 0.027778 0.040923
1 0.779762 0.557912 0.016534 0.025546
1 0.749504 0.551339 0.015542 0.023810
1 0.762401 0.543651 0.011574 0.019841
1 0.733631 0.542907 0.013558 0.020833
1 0.764385 0.521081 0.010251 0.014385
1 0.750331 0.520585 0.009259 0.014385
1 0.742560 0.516121 0.008929 0.012897
1 0.754134 0.507812 0.006944 0.010665
1 0.770337 0.516245 0.006944 0.012153
1 0.778935 0.509425 0.006283 0.010417
1 0.762401 0.510293 0.006283 0.011657
3 0.759094 0.494792 0.019511 0.013393
