1 0.457176 0.921875 0.094907 0.156250
1 0.550430 0.723958 0.045966 0.091766
1 0.682870 0.686508 0.050926 0.075397
1 0.642196 0.653894 0.036376 0.061756
1 0.738095 0.570685 0.019841 0.032738
1 0.703042 0.566096 0.019180 0.033482
1 0.705853 0.552331 0.015542 0.019841
1 0.668651 0.557416 0.019180 0.025050
1 0.715112 0.521577 0.012897 0.016865
1 0.734127 0.520337 0.011243 0.017857
1 0.696263 0.513393 0.010913 0.015377
1 0.717262 0.503720 0.006614 0.012897
1 0.725529 0.505704 0.007275 0.013393
1 0.738426 0.507316 0.009921 0.014633
1 0.715939 0.497024 0.006614 0.006944
1 0.732143 0.499008 0.006614 0.010913
1 0.737434 0.499504 0.006614 0.010417
1 0.743717 0.494792 0.005952 0.010913
1 0.725033 0.484375 0.020172 0.017857
0 0.729497 0.490203 0.013228 0.012649
0 0.717097 0.495784 0.014881 0.011409
0 0.686673 0.535590 0.028770 0.021577
0 0.661706 0.588294 0.053571 0.040179
