0 0.502149 0.848338 0.161045 0.179315
0 0.590112 0.607887 0.056548 0.042163
0 0.663029 0.517485 0.017196 0.013145
0 0.673942 0.508061 0.015212 0.011657
3 0.676257 0.500992 0.019841 0.016865
1 0.514550 0.707341 0.042989 0.077381
1 0.621528 0.691468 0.039352 0.072917
1 0.672123 0.680060 0.036045 0.068452
1 0.593915 0.659226 0.033069 0.057044
1 0.643022 0.576141 0.016865 0.030754
1 0.678075 0.570933 0.017526 0.029762
1 0.634094 0.557292 0.013558 0.024802
1 0.681382 0.546627 0.013558 0.019841
1 0.687996 0.535714 0.011574 0.017857
1 0.649140 0.542163 0.011243 0.019841
1 0.637070 0.538566 0.011574 0.019097
1 0.655754 0.526166 0.009921 0.015129
1 0.672123 0.528646 0.010251 0.015129
1 0.675761 0.523313 0.006944 0.013889
1 0.690146 0.516865 0.009259 0.012897
1 0.679894 0.515873 0.009259 0.011905
1 0.695933 0.513889 0.006283 0.011409
1 0.886409 0.870164 0.114087 0.095982
