1 0.588955 0.855407 0.083995 0.161210
1 0.628307 0.772693 0.057540 0.105903
0 0.518684 0.656374 0.073082 0.070188
1 0.638062 0.623388 0.030093 0.048363
1 0.595899 0.598586 0.023810 0.041915
1 0.621197 0.587178 0.021495 0.034970
1 0.641865 0.596354 0.027778 0.036954
1 0.625827 0.527530 0.010913 0.017857
1 0.647321 0.538442 0.014220 0.021825
1 0.649636 0.527778 0.011574 0.016865
1 0.654762 0.520337 0.009921 0.015377
1 0.654266 0.514509 0.012235 0.011161
1 0.644015 0.503720 0.006283 0.011905
1 0.657573 0.501736 0.006283 0.011409
1 0.643684 0.494048 0.005622 0.009425
1 0.637235 0.496280 0.005291 0.005952
0 0.654597 0.492808 0.010913 0.009425
0 0.650959 0.490699 0.008929 0.008185
0 0.657903 0.487599 0.008929 0.007440
0 0.603340 0.553323 0.043320 0.034226
3 0.621197 0.512649 0.042659 0.035218
