1 0.732804 0.954737 0.105159 0.090526
1 0.550595 0.820437 0.067460 0.112599
1 0.600694 0.900422 0.081680 0.158482
1 0.656415 0.829861 0.068122 0.127976
0 0.545966 0.644593 0.095899 0.077877
1 0.632275 0.598586 0.023810 0.041915
1 0.566964 0.586310 0.022156 0.036706
1 0.655423 0.571429 0.019180 0.031250
1 0.660053 0.555432 0.015873 0.025546
1 0.671627 0.533234 0.013889 0.020337
1 0.643684 0.533978 0.012897 0.021329
1 0.659061 0.523438 0.009921 0.017609
1 0.648810 0.518353 0.008598 0.015377
1 0.663360 0.516741 0.009259 0.014137
1 0.659061 0.513269 0.007275 0.013145
1 0.662533 0.507937 0.008267 0.009425
1 0.667824 0.504588 0.006944 0.012649
1 0.645007 0.510789 0.008929 0.014633
1 0.636078 0.515253 0.006283 0.013145
1 0.655754 0.500248 0.007275 0.011409
1 0.666171 0.498264 0.007606 0.011409
3 0.608466 0.537946 0.061508 0.057540
0 0.632937 0.505208 0.015873 0.011905
0 0.657077 0.496652 0.013228 0.009673
0 0.659888 0.493180 0.010251 0.005704
0 0.665344 0.491319 0.009921 0.008433
