1 0.726521 0.953001 0.112434 0.093998
1 0.628968 0.810516 0.054233 0.111607
1 0.652447 0.714410 0.043651 0.077629
1 0.608466 0.628720 0.023148 0.051587
1 0.651290 0.598338 0.021495 0.038938
1 0.624173 0.569320 0.018849 0.030010
1 0.641038 0.579737 0.019511 0.031498
1 0.677579 0.572669 0.018519 0.030754
1 0.656250 0.568576 0.019511 0.028522
1 0.663194 0.556424 0.016865 0.025546
1 0.653108 0.542535 0.013228 0.020089
1 0.659226 0.528646 0.011574 0.018105
1 0.674934 0.534102 0.012566 0.019097
1 0.673280 0.519345 0.009921 0.013889
1 0.660880 0.504092 0.006944 0.009177
1 0.674438 0.501240 0.006283 0.008929
1 0.650628 0.499256 0.005622 0.007440
1 0.658399 0.497272 0.005952 0.008929
1 0.678571 0.493676 0.005291 0.008681
0 0.661376 0.493056 0.012566 0.008433
3 0.663525 0.487103 0.013558 0.011905
0 0.648148 0.506820 0.014550 0.010665
0 0.658069 0.514013 0.017196 0.012649
0 0.668651 0.508061 0.014550 0.011161
0 0.640542 0.523065 0.020503 0.016865
0 0.618717 0.547619 0.027778 0.022817
3 0.484292 0.705481 0.234458 0.249256
1 0.858135 0.861111 0.118386 0.088790
