3 0.427579 0.802455 0.312169 0.390129
1 0.656581 0.804315 0.064484 0.126984
1 0.704365 0.953249 0.124339 0.093502
1 0.594577 0.657614 0.031085 0.062252
1 0.649140 0.616567 0.025132 0.047123
1 0.624008 0.582837 0.024471 0.036210
1 0.641700 0.592014 0.022817 0.035218
1 0.673280 0.583829 0.021825 0.034722
1 0.659722 0.576141 0.019180 0.034722
1 0.666667 0.560392 0.020503 0.022073
1 0.625331 0.562252 0.019841 0.022817
1 0.653604 0.545511 0.014881 0.021577
1 0.679067 0.535218 0.014220 0.020833
1 0.661376 0.529638 0.011905 0.019097
1 0.677745 0.517733 0.010251 0.015625
1 0.665013 0.501860 0.007937 0.011161
1 0.678075 0.498140 0.007606 0.010665
1 0.653274 0.496900 0.006944 0.009177
1 0.658896 0.494916 0.004960 0.009673
1 0.860946 0.853795 0.120040 0.089038
0 0.575231 0.621032 0.058532 0.046131
0 0.612930 0.554563 0.032077 0.026786
0 0.641369 0.523065 0.022817 0.017857
0 0.660218 0.512649 0.018849 0.014385
0 0.672784 0.505456 0.014881 0.011905
0 0.649140 0.504960 0.015873 0.010913
0 0.665675 0.488963 0.012566 0.008681
