3 0.487103 0.829737 0.468915 0.340526
1 0.574074 0.711434 0.031746 0.068700
1 0.642196 0.645213 0.030423 0.055804
1 0.630952 0.617932 0.029101 0.048363
1 0.662864 0.603795 0.025463 0.043899
1 0.618221 0.606523 0.027447 0.046875
1 0.615410 0.581349 0.023810 0.034226
1 0.661706 0.582837 0.026455 0.027282
1 0.670800 0.577629 0.021495 0.033234
1 0.655093 0.555184 0.015873 0.026538
1 0.678571 0.541791 0.015873 0.024058
1 0.657242 0.535342 0.014220 0.021577
1 0.678406 0.520337 0.011574 0.017857
1 0.662533 0.502108 0.008267 0.012153
1 0.651786 0.496528 0.006614 0.010417
1 0.657573 0.494296 0.006944 0.009921
1 0.677414 0.496528 0.007606 0.008929
1 0.680225 0.495412 0.006614 0.009673
1 0.857308 0.851438 0.114087 0.088790
0 0.544478 0.659474 0.088955 0.066468
0 0.597057 0.568576 0.038029 0.033978
0 0.635747 0.527282 0.026124 0.021825
0 0.659888 0.514757 0.020833 0.015625
0 0.674438 0.505952 0.016865 0.012401
0 0.647156 0.505208 0.015873 0.013393
0 0.666832 0.487227 0.013558 0.009177
0 0.667659 0.482267 0.011243 0.006200
3 0.669974 0.480035 0.015212 0.012649
