1 0.590774 0.831721 0.059854 0.123264
1 0.715278 0.871156 0.081349 0.135169
1 0.784392 0.939856 0.107143 0.120288
1 0.704200 0.778894 0.051918 0.079613
1 0.675926 0.738467 0.047619 0.083085
1 0.732143 0.629836 0.024471 0.042907
1 0.671792 0.565600 0.014220 0.022569
1 0.687665 0.582713 0.016204 0.027034
1 0.693122 0.562872 0.012566 0.023562
1 0.718419 0.567708 0.016204 0.019345
1 0.732639 0.564360 0.014220 0.022073
1 0.729167 0.535466 0.008598 0.013889
1 0.739749 0.530382 0.009259 0.013145
1 0.730655 0.522445 0.006944 0.010665
1 0.744709 0.518973 0.007275 0.011657
0 0.713790 0.531126 0.021495 0.014633
0 0.716601 0.523438 0.017857 0.012153
3 0.724537 0.515501 0.022487 0.020089
0 0.651786 0.597718 0.042328 0.035714
0 0.717593 0.591890 0.038360 0.032490
0 0.673942 0.639881 0.056878 0.051587
0 0.566468 0.704737 0.093915 0.079613
