0 0.447917 0.896949 0.205357 0.196181
0 0.581845 0.696925 0.106812 0.099702
0 0.695271 0.545511 0.022156 0.016617
0 0.717097 0.519717 0.012235 0.007688
3 0.727017 0.509921 0.013558 0.013889
1 0.715278 0.512773 0.005291 0.007192
1 0.730820 0.533110 0.007937 0.012153
1 0.729497 0.566344 0.012566 0.020089
1 0.725364 0.576265 0.011574 0.025546
1 0.723876 0.602803 0.007937 0.028522
3 0.678075 0.604043 0.088294 0.085069
1 0.636409 0.593006 0.014881 0.028274
1 0.704696 0.667659 0.033730 0.053571
1 0.680721 0.699901 0.041336 0.064980
1 0.687004 0.752852 0.051918 0.081101
1 0.686839 0.827133 0.066138 0.110615
