3 0.520833 0.804067 0.209656 0.299107
1 0.426753 0.748884 0.054563 0.092014
1 0.650463 0.716022 0.045635 0.072421
1 0.663525 0.614831 0.025463 0.037202
1 0.599868 0.575521 0.015873 0.025050
1 0.654762 0.547247 0.010582 0.015625
1 0.672288 0.545015 0.010582 0.016617
1 0.651786 0.538566 0.009921 0.014137
1 0.685185 0.534598 0.009259 0.012153
1 0.669643 0.517361 0.005952 0.008929
1 0.680225 0.517981 0.005291 0.006696
1 0.666667 0.514509 0.011243 0.007192
0 0.659061 0.527406 0.017196 0.011161
0 0.680225 0.525298 0.018519 0.009425
0 0.667163 0.509053 0.008267 0.006696
