1 0.616733 0.927827 0.074735 0.075397
1 0.581184 0.803447 0.055225 0.111359
1 0.565807 0.714782 0.037037 0.077877
1 0.627646 0.556672 0.011905 0.014137
1 0.662037 0.546255 0.006614 0.011657
1 0.665675 0.538070 0.005952 0.008681
1 0.656746 0.539435 0.004630 0.009425
1 0.644015 0.535466 0.006283 0.008433
1 0.651786 0.536334 0.004630 0.007192
1 0.659722 0.536830 0.004630 0.007192
0 0.647817 0.532614 0.011905 0.009177
0 0.660880 0.530754 0.009590 0.006944
0 0.654762 0.554936 0.017196 0.014137
0 0.636243 0.594246 0.039683 0.029266
