1 0.453042 0.781498 0.097222 0.140377
1 0.578373 0.532614 0.035714 0.059276
1 0.684028 0.538690 0.041336 0.058532
1 0.732308 0.500124 0.028108 0.044395
1 0.700893 0.471974 0.025463 0.037698
1 0.722388 0.455233 0.022156 0.031994
1 0.647652 0.458581 0.023479 0.016865
1 0.666171 0.433532 0.019511 0.025298
1 0.713790 0.419891 0.012897 0.011409
1 0.727513 0.411086 0.012566 0.018601
1 0.707341 0.404018 0.011905 0.018849
1 0.719907 0.402034 0.009921 0.017857
1 0.737269 0.396825 0.010251 0.015377
0 0.706019 0.391741 0.019180 0.015129
0 0.724537 0.385913 0.019841 0.013393
0 0.737930 0.379960 0.016865 0.013889
0 0.642196 0.632192 0.106481 0.096726
