0 0.576720 0.895213 0.191799 0.209573
0 0.527116 0.599454 0.132275 0.119048
1 0.426257 0.701389 0.071429 0.119048
1 0.624173 0.676339 0.058532 0.101687
1 0.712467 0.544519 0.032738 0.056796
1 0.578869 0.537078 0.034722 0.055804
1 0.665344 0.517609 0.037037 0.056052
1 0.696098 0.487227 0.026455 0.045883
1 0.627811 0.471850 0.025463 0.039435
0 0.682540 0.459697 0.046296 0.032986
1 0.679398 0.437252 0.020833 0.015377
1 0.720238 0.425223 0.014550 0.026042
1 0.681878 0.416915 0.015873 0.024306
1 0.692130 0.409970 0.012566 0.020337
1 0.706019 0.401414 0.008598 0.018105
0 0.689319 0.394717 0.020172 0.015129
0 0.708499 0.386037 0.022817 0.015129
0 0.727844 0.378224 0.018519 0.015873
1 0.719577 0.400050 0.009921 0.014881
1 0.719577 0.409350 0.009921 0.011657
