0 0.332176 0.894469 0.284061 0.211062
1 0.420966 0.740575 0.072090 0.118056
1 0.582672 0.656374 0.063492 0.101935
1 0.672288 0.654886 0.052910 0.093006
1 0.555060 0.562624 0.041997 0.070685
1 0.673942 0.558284 0.042328 0.065476
1 0.631448 0.483631 0.025463 0.031250
1 0.661045 0.453373 0.021825 0.034226
1 0.715112 0.452753 0.020172 0.035466
1 0.684028 0.435640 0.020172 0.028026
1 0.718419 0.430680 0.016204 0.019593
1 0.702216 0.414187 0.012235 0.020337
1 0.717427 0.410218 0.014220 0.020337
1 0.744378 0.410466 0.013889 0.021329
1 0.721892 0.402530 0.011243 0.017361
1 0.697421 0.395461 0.007937 0.016121
0 0.684854 0.404142 0.024471 0.019593
0 0.705853 0.390377 0.020833 0.015377
0 0.733300 0.379216 0.020172 0.015873
0 0.713624 0.387401 0.013889 0.012897
0 0.708003 0.376984 0.013889 0.009921
