1 0.459325 0.914807 0.130952 0.170387
1 0.710152 0.898934 0.096230 0.079117
1 0.643022 0.717634 0.065146 0.124256
0 0.489253 0.687376 0.141865 0.132688
1 0.581680 0.597222 0.044312 0.071925
1 0.636739 0.538938 0.039352 0.060516
1 0.714451 0.508433 0.031415 0.055060
1 0.667163 0.484995 0.025463 0.041915
1 0.724702 0.466642 0.018849 0.036458
1 0.715939 0.436384 0.015873 0.025546
1 0.732639 0.421751 0.013558 0.023562
1 0.715443 0.417411 0.012897 0.021329
1 0.729497 0.413194 0.011905 0.019841
1 0.753968 0.406746 0.010582 0.018849
1 0.704034 0.409102 0.011243 0.019097
1 0.705026 0.398189 0.007937 0.009673
0 0.685351 0.416419 0.028770 0.021329
0 0.718254 0.394965 0.021825 0.016617
0 0.727513 0.390129 0.015212 0.014385
0 0.751157 0.383185 0.023479 0.011905
0 0.728009 0.375992 0.011574 0.009921
0 0.746032 0.378596 0.017857 0.014137
1 0.722057 0.377728 0.004960 0.010913
