1 0.533565 0.952009 0.125992 0.095982
1 0.621032 0.759177 0.073413 0.143353
1 0.528108 0.693328 0.064815 0.107887
1 0.647652 0.599082 0.043320 0.073661
1 0.671627 0.517609 0.026455 0.046627
1 0.681382 0.462550 0.018849 0.032242
1 0.697421 0.455109 0.018519 0.030258
1 0.676091 0.449529 0.016204 0.028522
1 0.644345 0.447545 0.014220 0.027034
1 0.656415 0.434896 0.015212 0.023562
0 0.630787 0.462922 0.040675 0.031498
0 0.673776 0.419395 0.032077 0.018849
0 0.686508 0.409474 0.021164 0.017361
0 0.705192 0.395089 0.023479 0.012897
0 0.713624 0.389881 0.018519 0.013889
0 0.698743 0.389261 0.015212 0.011657
1 0.729001 0.419023 0.014220 0.020089
