0 0.906622 0.836640 0.050843 0.132275
0 0.767981 0.879299 0.044891 0.128968
0 0.401786 0.961640 0.068452 0.076720
0 0.525794 0.702216 0.025794 0.096230
0 0.484995 0.608466 0.026538 0.071429
0 0.522197 0.591435 0.019097 0.065146
0 0.630580 0.576554 0.015129 0.056548
0 0.703373 0.612765 0.019841 0.062831
0 0.718130 0.568618 0.017609 0.053241
3 0.369420 0.783069 0.136161 0.208995
2 0.792659 0.612765 0.113591 0.173942
1 0.063368 0.851190 0.125744 0.292328
3 0.582589 0.593254 0.052083 0.072751
3 0.517609 0.542493 0.044147 0.051918
3 0.588914 0.470734 0.023562 0.027447
0 0.618304 0.524967 0.011905 0.041997
0 0.590898 0.525463 0.010665 0.035714
0 0.566468 0.508929 0.012897 0.036376
0 0.620412 0.480324 0.006696 0.028770
0 0.597842 0.495866 0.010665 0.025463
2 0.806424 0.509259 0.070685 0.094577
3 0.718378 0.519015 0.035466 0.048611
1 0.641369 0.422784 0.027778 0.040675
3 0.703125 0.465939 0.022817 0.042328
0 0.736483 0.497024 0.009177 0.029762
0 0.735739 0.468585 0.009673 0.022487
0 0.718626 0.459160 0.007192 0.023479
3 0.732391 0.452050 0.017857 0.022487
3 0.722718 0.430225 0.020337 0.027116
3 0.570188 0.434524 0.015377 0.015212
3 0.769221 0.468254 0.027034 0.041667
0 0.751116 0.430886 0.013641 0.017857
0 0.532366 0.490906 0.011161 0.029431
0 0.554936 0.472718 0.008681 0.023479
3 0.518601 0.458168 0.025298 0.028770
3 0.534226 0.447751 0.027282 0.026455
3 0.244296 0.732639 0.151786 0.123347
3 0.473958 0.522983 0.045139 0.055886
3 0.509425 0.499504 0.042659 0.028108
3 0.691964 0.431382 0.014385 0.020172
2 0.705853 0.408399 0.018353 0.028439
2 0.727183 0.401124 0.015377 0.021825
1 0.697297 0.370866 0.009673 0.016204
2 0.702009 0.385417 0.012649 0.012897
3 0.714410 0.387566 0.009177 0.009259
3 0.462798 0.425099 0.022321 0.015542
3 0.507192 0.416832 0.016865 0.016865
2 0.533606 0.406415 0.023065 0.019841
2 0.560516 0.394345 0.018353 0.019511
3 0.359003 0.618221 0.075645 0.067791
0 0.351438 0.656746 0.035218 0.073413
0 0.404142 0.617890 0.023065 0.050595
0 0.439980 0.578042 0.013889 0.048280
0 0.492312 0.466601 0.008433 0.021164
