0 0.740699 0.763558 0.075645 0.193783
1 0.839410 0.702216 0.022569 0.089616
1 0.936136 0.729663 0.034474 0.104828
2 0.593006 0.522817 0.055060 0.113095
3 0.807292 0.523644 0.074405 0.098214
0 0.244668 0.739087 0.157986 0.135582
1 0.351066 0.662037 0.040923 0.075397
1 0.401538 0.628142 0.024802 0.062500
1 0.597842 0.610780 0.018105 0.062831
2 0.670635 0.405258 0.014881 0.030754
3 0.544519 0.409722 0.016617 0.023148
0 0.699901 0.502811 0.022321 0.038690
0 0.737103 0.528770 0.044643 0.072751
1 0.642485 0.475860 0.009177 0.026455
1 0.652158 0.464782 0.008681 0.020833
1 0.692708 0.588790 0.012897 0.055225
1 0.693948 0.538360 0.010417 0.039021
1 0.625992 0.475694 0.006944 0.028108
0 0.646949 0.436012 0.016617 0.033399
0 0.657614 0.447751 0.018105 0.019841
0 0.753596 0.589451 0.041915 0.070437
0 0.474082 0.531581 0.047371 0.062500
