0 0.544767 0.614253 0.056796 0.083003
1 0.476562 0.604332 0.021081 0.060516
1 0.587798 0.528108 0.016369 0.043651
1 0.532366 0.545966 0.013641 0.046296
1 0.512649 0.535549 0.013393 0.039352
1 0.563864 0.511905 0.017113 0.039021
1 0.535962 0.515377 0.015873 0.035384
1 0.529018 0.479167 0.010913 0.029762
1 0.550843 0.480159 0.013393 0.027778
1 0.596106 0.480489 0.013145 0.031085
1 0.572793 0.478505 0.013145 0.028439
1 0.562252 0.471892 0.009921 0.023810
1 0.580729 0.462963 0.011161 0.024471
1 0.657614 0.475529 0.011161 0.034392
1 0.639261 0.461144 0.012649 0.026786
1 0.590898 0.456515 0.010665 0.024140
1 0.549727 0.455853 0.008681 0.023479
1 0.644593 0.430556 0.005952 0.019180
1 0.600570 0.428075 0.009177 0.020172
3 0.626364 0.426918 0.031002 0.037037
0 0.578621 0.437169 0.019841 0.028439
0 0.561880 0.424934 0.012153 0.017196
