0 0.517609 0.660549 0.058036 0.118056
1 0.568948 0.536872 0.028274 0.056548
1 0.878968 0.788856 0.071925 0.141865
1 0.814112 0.609127 0.038938 0.078704
1 0.725446 0.523313 0.031746 0.051918
0 0.515873 0.486938 0.034722 0.073082
1 0.553695 0.479828 0.010665 0.037698
0 0.590402 0.473049 0.031498 0.061839
1 0.559028 0.441303 0.009921 0.024802
1 0.692832 0.475860 0.014137 0.039683
3 0.765625 0.472718 0.086310 0.098876
1 0.632316 0.423115 0.012649 0.026786
1 0.664807 0.402116 0.009177 0.021825
1 0.610615 0.409888 0.011905 0.021495
1 0.567832 0.416336 0.007688 0.023148
0 0.537078 0.447917 0.026538 0.040013
2 0.548363 0.409888 0.019841 0.026124
1 0.586186 0.428571 0.006200 0.018519
0 0.593130 0.399471 0.015625 0.017196
0 0.572421 0.397487 0.014385 0.014550
3 0.633185 0.397652 0.030258 0.038690
0 0.704365 0.434689 0.037698 0.051257
1 0.522073 0.442956 0.010417 0.026124
