1 0.560516 0.691468 0.026786 0.097884
1 0.556424 0.553406 0.015625 0.055225
1 0.722842 0.513724 0.015129 0.048611
1 0.826265 0.678902 0.033978 0.098545
1 0.741071 0.545966 0.016369 0.060847
1 0.648686 0.442460 0.010169 0.027778
1 0.631820 0.424272 0.011657 0.025132
1 0.589906 0.445271 0.010665 0.028108
1 0.552703 0.461971 0.009177 0.032407
1 0.562748 0.447421 0.007937 0.026455
1 0.579117 0.421958 0.007937 0.022487
1 0.664435 0.404927 0.008433 0.020833
1 0.567336 0.427579 0.008185 0.022487
1 0.551091 0.439649 0.008929 0.022817
1 0.541171 0.448909 0.009921 0.027447
0 0.494420 0.552910 0.047867 0.116402
0 0.598214 0.508267 0.043155 0.087302
0 0.527654 0.477183 0.031994 0.062831
0 0.585441 0.408399 0.016121 0.018519
0 0.551215 0.397983 0.015129 0.023479
3 0.766865 0.470403 0.087302 0.092262
3 0.641493 0.404101 0.034474 0.042328
3 0.612971 0.384755 0.022569 0.033399
0 0.573041 0.402116 0.012649 0.016534
0 0.544147 0.418155 0.021329 0.026786
0 0.574033 0.382771 0.011657 0.016865
0 0.705605 0.435681 0.033234 0.061177
