0 0.431796 0.786872 0.121032 0.301918
1 0.592138 0.899802 0.054315 0.162698
1 0.921131 0.839947 0.076885 0.154762
1 0.806176 0.677083 0.035466 0.098214
1 0.777654 0.618882 0.024058 0.084325
1 0.755208 0.569610 0.023313 0.067791
1 0.670883 0.479993 0.013393 0.036706
1 0.657242 0.449570 0.012897 0.034061
1 0.542039 0.510582 0.016121 0.044312
1 0.527902 0.479167 0.012153 0.036376
1 0.563616 0.479332 0.015129 0.034061
1 0.602803 0.478671 0.012649 0.038690
1 0.595858 0.460979 0.011657 0.031746
1 0.548859 0.470569 0.014385 0.033069
1 0.565600 0.452381 0.012153 0.028439
1 0.583829 0.443122 0.012401 0.029101
1 0.583085 0.403770 0.008433 0.019841
1 0.557540 0.400298 0.006944 0.017526
0 0.609871 0.595238 0.056548 0.125661
0 0.506448 0.557540 0.050099 0.089286
0 0.572917 0.527612 0.037202 0.069775
0 0.537946 0.432705 0.023313 0.036706
0 0.578001 0.420966 0.016617 0.021825
3 0.763269 0.469246 0.083085 0.091270
3 0.649306 0.413029 0.038194 0.052249
3 0.615947 0.390212 0.026042 0.039683
0 0.546007 0.404762 0.016121 0.026455
0 0.570809 0.408896 0.012649 0.018188
0 0.572173 0.387235 0.013393 0.017857
3 0.616939 0.389716 0.026042 0.038690
0 0.703497 0.434193 0.034474 0.052910
1 0.494544 0.514220 0.012897 0.039021
