1 0.334201 0.934524 0.057788 0.130952
1 0.487227 0.650463 0.029514 0.090608
1 0.547495 0.644180 0.026538 0.095238
1 0.634797 0.637235 0.028026 0.086640
1 0.525546 0.605820 0.024802 0.075397
1 0.613591 0.578704 0.022321 0.072090
1 0.557292 0.553075 0.020337 0.061177
1 0.589410 0.515046 0.019593 0.047950
1 0.720486 0.544147 0.022321 0.059193
1 0.768601 0.664848 0.033730 0.096230
1 0.886161 0.795635 0.072917 0.138228
1 0.637649 0.437996 0.008433 0.029431
1 0.626860 0.434028 0.010169 0.028108
1 0.586434 0.422619 0.012153 0.024471
1 0.553943 0.415509 0.008185 0.021495
1 0.562500 0.412368 0.006944 0.021164
0 0.579489 0.456845 0.025546 0.038029
0 0.523810 0.481978 0.035714 0.053902
0 0.572421 0.429894 0.018353 0.023148
0 0.537450 0.422950 0.022321 0.033730
0 0.702629 0.431878 0.031250 0.050926
3 0.668155 0.440807 0.043155 0.074735
3 0.763641 0.468915 0.086310 0.094577
3 0.626240 0.399636 0.031250 0.046627
3 0.612599 0.386574 0.016369 0.032407
0 0.570685 0.395503 0.016369 0.020503
0 0.550347 0.395172 0.012897 0.017196
3 0.602679 0.374504 0.013889 0.028108
