1 0.421131 0.911541 0.051587 0.176918
1 0.531002 0.883267 0.042659 0.172619
1 0.501116 0.775463 0.036458 0.134259
1 0.677083 0.887070 0.045635 0.176918
1 0.632068 0.725529 0.032490 0.115741
1 0.557788 0.649967 0.029762 0.091601
1 0.596354 0.576058 0.024058 0.062831
1 0.774182 0.638062 0.034970 0.093585
1 0.919891 0.919478 0.078869 0.161045
1 0.645585 0.452050 0.011905 0.031746
1 0.634673 0.445933 0.014385 0.034722
1 0.590898 0.434689 0.012153 0.028770
1 0.552827 0.426422 0.009425 0.022817
1 0.562376 0.420304 0.008185 0.021825
1 0.569320 0.425265 0.008185 0.023810
1 0.592882 0.394676 0.005704 0.018849
0 0.517733 0.520172 0.041915 0.070767
0 0.585441 0.482143 0.032490 0.043651
0 0.535218 0.433366 0.024306 0.036706
0 0.546007 0.415179 0.020585 0.029431
0 0.571057 0.403770 0.017113 0.027116
0 0.549603 0.401124 0.015377 0.018519
3 0.763393 0.468585 0.083829 0.100529
3 0.677207 0.457176 0.058284 0.084987
3 0.632688 0.405423 0.032242 0.050926
3 0.615823 0.391700 0.023313 0.034722
3 0.604043 0.376157 0.017609 0.025463
0 0.542411 0.381614 0.013393 0.014550
0 0.554315 0.385582 0.012897 0.018519
0 0.568328 0.385913 0.015625 0.024471
