0 0.497148 0.575397 0.056796 0.099868
0 0.587426 0.616237 0.049851 0.089616
1 0.641989 0.646825 0.031994 0.091270
1 0.551339 0.553902 0.021825 0.063492
1 0.583705 0.529762 0.019593 0.054894
1 0.552827 0.513228 0.016865 0.037037
0 0.533234 0.483631 0.033730 0.043320
0 0.570685 0.446429 0.024802 0.041005
0 0.542287 0.439319 0.021081 0.026786
0 0.542535 0.420635 0.018601 0.018519
0 0.550595 0.404927 0.014881 0.025463
0 0.541419 0.388393 0.010913 0.014220
0 0.571677 0.412037 0.017857 0.030423
0 0.570437 0.390046 0.011905 0.015542
0 0.556424 0.393188 0.009673 0.014550
2 0.684772 0.383598 0.076885 0.041005
3 0.748760 0.562004 0.123016 0.169643
3 0.675843 0.460979 0.052083 0.080026
3 0.765253 0.471396 0.086558 0.089616
3 0.644469 0.416667 0.035466 0.045635
3 0.609995 0.392196 0.023065 0.033069
0 0.627604 0.393022 0.010169 0.020833
0 0.701637 0.434854 0.033234 0.048942
1 0.679936 0.520337 0.012649 0.055225
1 0.647445 0.458829 0.007192 0.032738
1 0.596974 0.454034 0.009921 0.033069
3 0.617188 0.366898 0.016121 0.020833
0 0.570437 0.371197 0.010417 0.014220
2 0.559524 0.355489 0.013393 0.023148
0 0.557168 0.373843 0.011657 0.016865
1 0.584697 0.435020 0.007192 0.028108
1 0.586682 0.416832 0.006696 0.017526
1 0.587426 0.395503 0.006200 0.016534
1 0.595858 0.378968 0.003720 0.011905
1 0.635789 0.386574 0.005704 0.013889
0 0.595362 0.369709 0.009177 0.011905
1 0.616691 0.415179 0.008185 0.022817
