0 0.499752 0.667163 0.071925 0.115410
1 0.516369 0.876488 0.043651 0.163690
1 0.617560 0.924272 0.046131 0.151455
3 0.788442 0.614253 0.156746 0.218585
0 0.576017 0.518684 0.035466 0.064484
0 0.526538 0.504134 0.032738 0.043981
0 0.537450 0.468419 0.026786 0.034061
0 0.577505 0.452381 0.024554 0.050926
0 0.547743 0.436012 0.020585 0.030754
0 0.553323 0.415675 0.015377 0.019180
0 0.570561 0.416832 0.015625 0.022817
0 0.544643 0.397487 0.009921 0.013228
0 0.558656 0.398148 0.008681 0.014550
0 0.569072 0.398148 0.011657 0.015212
0 0.576637 0.384425 0.011905 0.014881
0 0.560516 0.385747 0.011905 0.014220
0 0.600694 0.382110 0.009921 0.014220
0 0.611979 0.379960 0.011161 0.013889
3 0.768601 0.479993 0.085317 0.092262
3 0.696553 0.492394 0.067212 0.097884
3 0.670883 0.447751 0.043155 0.064815
3 0.631944 0.413525 0.032242 0.041336
3 0.625620 0.381614 0.016617 0.023148
3 0.591022 0.364583 0.014881 0.013558
1 0.659102 0.487269 0.009177 0.039352
1 0.614087 0.499339 0.013393 0.040344
1 0.639013 0.450231 0.008185 0.030093
1 0.597470 0.445767 0.007937 0.025794
1 0.552455 0.453538 0.006200 0.027447
1 0.598462 0.404597 0.005952 0.017526
1 0.581969 0.415013 0.005704 0.018519
1 0.563368 0.446759 0.004216 0.026455
1 0.555680 0.366733 0.002728 0.006614
1 0.592758 0.375165 0.003968 0.008929
1 0.608383 0.416005 0.004960 0.017196
0 0.707837 0.437500 0.034226 0.041667
