0 0.590526 0.764220 0.091270 0.214286
0 0.483259 0.657077 0.063740 0.102513
0 0.521081 0.531085 0.041171 0.055556
0 0.581597 0.507937 0.037698 0.080688
0 0.534350 0.469742 0.030010 0.045304
0 0.574033 0.440476 0.020089 0.039683
0 0.546255 0.431713 0.020089 0.024802
0 0.566468 0.405589 0.013393 0.021495
0 0.544395 0.393849 0.009921 0.012566
0 0.555184 0.402116 0.011161 0.016534
0 0.560764 0.385913 0.012897 0.017857
0 0.578993 0.385086 0.011657 0.020833
0 0.616071 0.408730 0.016865 0.020503
0 0.603175 0.381448 0.010913 0.015542
0 0.571181 0.386243 0.004464 0.011243
0 0.556424 0.377149 0.009673 0.016204
0 0.570561 0.374835 0.008185 0.010913
0 0.556052 0.362765 0.005952 0.006614
1 0.589906 0.619544 0.022073 0.072421
1 0.573165 0.586475 0.017857 0.063161
1 0.632068 0.555886 0.019593 0.060847
1 0.553819 0.498677 0.012401 0.041667
1 0.666295 0.495205 0.013145 0.041997
1 0.652158 0.473049 0.011161 0.038029
1 0.659350 0.455688 0.010665 0.031746
1 0.605407 0.474537 0.008433 0.036376
1 0.597470 0.460317 0.009425 0.027116
1 0.623884 0.425430 0.007192 0.022817
1 0.585317 0.429894 0.005456 0.023148
1 0.559400 0.421627 0.005208 0.021825
1 0.598586 0.396825 0.004712 0.016534
1 0.548611 0.383433 0.003472 0.009590
1 0.575769 0.409061 0.005208 0.017857
1 0.585938 0.416832 0.007688 0.014881
1 0.581597 0.400298 0.004464 0.013558
1 0.585193 0.403604 0.004216 0.013558
1 0.595734 0.375661 0.003968 0.010582
1 0.614707 0.394015 0.004712 0.010913
1 0.619916 0.395833 0.004216 0.009259
1 0.623636 0.393519 0.005208 0.009921
3 0.835317 0.679233 0.206349 0.298942
3 0.714162 0.509921 0.078621 0.115741
3 0.764881 0.475529 0.079365 0.092593
3 0.649182 0.421131 0.037946 0.047288
3 0.686880 0.458499 0.051339 0.067130
3 0.626116 0.382606 0.016617 0.028439
3 0.546875 0.353671 0.007937 0.010251
3 0.593130 0.362434 0.012649 0.017196
3 0.534970 0.351852 0.008929 0.007275
3 0.553075 0.352017 0.009425 0.008929
2 0.565600 0.362930 0.017113 0.026786
0 0.577505 0.363261 0.011657 0.017526
0 0.703001 0.430886 0.039435 0.046296
