1 0.564236 0.700231 0.033234 0.098214
0 0.508185 0.589120 0.055556 0.079696
0 0.584077 0.556052 0.049603 0.112103
0 0.524430 0.496528 0.035466 0.058532
0 0.576265 0.455192 0.022073 0.046627
0 0.544643 0.442460 0.021825 0.029762
0 0.568080 0.413690 0.014633 0.027778
0 0.553695 0.407903 0.015129 0.019511
0 0.580481 0.387235 0.012649 0.022487
0 0.561632 0.389220 0.013641 0.021825
0 0.546007 0.393684 0.011161 0.013558
0 0.620660 0.413194 0.019593 0.024140
0 0.707589 0.426753 0.034226 0.036706
0 0.605779 0.383929 0.012649 0.017857
0 0.558160 0.363261 0.005704 0.007606
0 0.558656 0.375496 0.010665 0.010251
0 0.572669 0.387731 0.006448 0.011574
0 0.579613 0.367394 0.007937 0.013889
0 0.572297 0.375165 0.009673 0.010251
1 0.549603 0.532077 0.015873 0.049603
1 0.610615 0.496032 0.011409 0.039021
1 0.601935 0.482308 0.009921 0.038029
1 0.574529 0.481151 0.010169 0.037698
1 0.591146 0.487765 0.012649 0.026455
1 0.659722 0.485119 0.010417 0.039683
1 0.660342 0.459325 0.011657 0.027778
1 0.598834 0.793651 0.038938 0.138228
1 0.626736 0.431217 0.009425 0.026455
1 0.635293 0.427910 0.007688 0.024471
1 0.590030 0.442295 0.007440 0.026786
1 0.590402 0.426091 0.007688 0.016204
1 0.580605 0.415179 0.006448 0.020833
1 0.593502 0.401620 0.006448 0.016865
1 0.626984 0.398479 0.005456 0.015212
1 0.598710 0.377811 0.004960 0.010913
1 0.612599 0.381283 0.004464 0.012566
1 0.559648 0.431382 0.007688 0.024802
1 0.553447 0.424438 0.006696 0.022156
1 0.616691 0.397156 0.005208 0.010582
1 0.611607 0.405423 0.004960 0.017857
1 0.571677 0.422950 0.007937 0.015873
1 0.677083 0.502315 0.015377 0.042989
3 0.859251 0.708995 0.238343 0.330026
3 0.725446 0.525463 0.091766 0.128968
3 0.770089 0.476190 0.086806 0.093254
3 0.693080 0.461144 0.053323 0.075728
3 0.655258 0.428571 0.038690 0.056217
0 0.424975 0.885086 0.131200 0.229828
3 0.624876 0.385913 0.020089 0.031746
3 0.594742 0.362434 0.012401 0.017857
2 0.568080 0.363922 0.015625 0.027447
1 0.646577 0.599702 0.018849 0.073082
