0 0.449901 0.833829 0.125992 0.270172
0 0.578745 0.552083 0.043403 0.094246
0 0.516121 0.536706 0.044147 0.062831
0 0.576141 0.452216 0.025794 0.047288
0 0.544643 0.436839 0.022321 0.029101
0 0.558036 0.399306 0.016865 0.028108
0 0.547495 0.390542 0.010169 0.013228
0 0.579489 0.394511 0.016617 0.027778
0 0.635417 0.423611 0.021329 0.028439
0 0.629712 0.384590 0.014385 0.024471
0 0.563864 0.386574 0.010169 0.014550
0 0.570561 0.393519 0.005704 0.015212
0 0.579117 0.377976 0.011409 0.013889
0 0.559896 0.370040 0.006200 0.009921
0 0.559524 0.366071 0.007937 0.009259
0 0.561012 0.356151 0.007937 0.012566
0 0.582093 0.364914 0.006448 0.015542
3 0.754464 0.559028 0.117063 0.164352
3 0.772569 0.473380 0.084821 0.093585
3 0.715650 0.471726 0.073661 0.077712
3 0.670387 0.441964 0.045139 0.067791
0 0.709821 0.424934 0.032738 0.031746
0 0.647073 0.431548 0.006448 0.032407
3 0.604291 0.394841 0.035466 0.037698
3 0.598834 0.362765 0.014633 0.021825
2 0.573413 0.361938 0.014881 0.028770
1 0.616195 0.855159 0.047867 0.177910
1 0.833333 0.722553 0.038194 0.124339
1 0.561260 0.693287 0.027778 0.103505
1 0.603299 0.677579 0.028522 0.093915
1 0.653894 0.665509 0.028026 0.088955
1 0.619792 0.641369 0.026786 0.083664
1 0.498760 0.624504 0.023313 0.075066
1 0.610863 0.524636 0.016369 0.049934
1 0.663814 0.486772 0.015129 0.042328
1 0.694816 0.514220 0.013145 0.048942
1 0.559152 0.512235 0.014137 0.047619
1 0.546255 0.498677 0.014137 0.042989
1 0.537450 0.483962 0.012897 0.041336
1 0.514509 0.493882 0.015625 0.027447
1 0.602555 0.486276 0.014633 0.040675
1 0.573785 0.488261 0.014137 0.039352
1 0.586186 0.480324 0.013641 0.037368
1 0.605655 0.461475 0.011905 0.034061
1 0.599950 0.450728 0.008433 0.029762
1 0.574653 0.418816 0.008433 0.020172
1 0.587674 0.427083 0.007688 0.022817
1 0.590774 0.415344 0.007440 0.019841
1 0.642733 0.455522 0.012649 0.032077
1 0.677951 0.475860 0.005704 0.033730
1 0.645585 0.407407 0.011905 0.017857
1 0.618056 0.405919 0.005952 0.019511
1 0.629464 0.400628 0.006944 0.014881
1 0.546379 0.416832 0.008929 0.012235
1 0.892237 0.739253 0.041419 0.129960
1 0.596602 0.438492 0.007192 0.022487
1 0.585069 0.411210 0.004960 0.018849
1 0.623512 0.415675 0.007440 0.021825
1 0.676339 0.401951 0.011905 0.014881
