1 0.432416 0.786872 0.035466 0.127976
1 0.577877 0.681878 0.024802 0.090608
0 0.535094 0.584821 0.056300 0.069775
2 0.586682 0.510913 0.044395 0.063492
0 0.649430 0.478505 0.022569 0.031746
3 0.819072 0.518353 0.074653 0.098214
0 0.788442 0.677414 0.096230 0.170304
0 0.727183 0.611276 0.041667 0.075066
1 0.751240 0.835317 0.037698 0.132937
1 0.708829 0.877149 0.043155 0.159722
0 0.838790 0.872024 0.107639 0.218915
1 0.977059 0.758598 0.044395 0.125000
1 0.619172 0.591931 0.020089 0.064153
0 0.643973 0.442791 0.026042 0.037698
0 0.682292 0.443783 0.035218 0.023810
2 0.677083 0.405754 0.016865 0.033730
1 0.611235 0.468750 0.010169 0.026124
0 0.717882 0.435020 0.031994 0.025463
0 0.759053 0.434524 0.016121 0.018519
1 0.665055 0.469742 0.008681 0.026786
3 0.759797 0.418155 0.029018 0.027447
3 0.651538 0.397321 0.020833 0.016204
2 0.724082 0.387235 0.006696 0.010582
2 0.626240 0.370536 0.010417 0.007606
0 0.781250 0.474372 0.024802 0.048611
1 0.769717 0.438988 0.011161 0.019511
