0 0.438988 0.853505 0.131944 0.249339
0 0.527654 0.532407 0.047371 0.107804
0 0.550967 0.425595 0.025050 0.046296
0 0.652902 0.446429 0.022569 0.041667
0 0.639013 0.432209 0.023065 0.034392
0 0.574033 0.390377 0.015129 0.025463
0 0.570188 0.383598 0.012897 0.023810
0 0.553819 0.402447 0.014385 0.011905
0 0.557912 0.399802 0.011657 0.015212
0 0.551339 0.388393 0.016865 0.025463
0 0.543031 0.381614 0.010665 0.015212
0 0.553943 0.379299 0.014633 0.018519
0 0.548487 0.367890 0.010665 0.010913
0 0.558284 0.366071 0.010417 0.011905
0 0.560020 0.352348 0.006448 0.008267
0 0.593626 0.357308 0.010665 0.016204
0 0.594370 0.361772 0.005208 0.015873
0 0.703745 0.416832 0.032986 0.032738
0 0.721106 0.432044 0.016121 0.016204
3 0.696181 0.463790 0.070437 0.090278
3 0.765129 0.464451 0.085317 0.094246
3 0.586186 0.465608 0.045883 0.090608
2 0.618676 0.384921 0.069692 0.056878
2 0.571925 0.361772 0.016369 0.035053
3 0.549603 0.356151 0.010913 0.015873
3 0.550967 0.340443 0.008681 0.008929
3 0.561260 0.341270 0.011409 0.010582
3 0.578869 0.342097 0.010913 0.008267
3 0.886161 0.579365 0.160714 0.187831
1 0.730903 0.950893 0.062004 0.098214
1 0.880208 0.784392 0.062004 0.148810
1 0.795387 0.711144 0.044643 0.110119
1 0.625992 0.653770 0.034722 0.092593
1 0.467386 0.655754 0.031002 0.089947
1 0.738343 0.589451 0.028274 0.077050
1 0.767113 0.569444 0.027778 0.068783
1 0.518353 0.605159 0.029266 0.078042
1 0.615327 0.571759 0.020833 0.068122
1 0.586930 0.537202 0.018601 0.058532
1 0.691096 0.523810 0.021577 0.054233
1 0.745164 0.530093 0.017609 0.056217
1 0.533978 0.448743 0.011905 0.031746
1 0.668155 0.390708 0.009921 0.020172
1 0.685888 0.392857 0.016121 0.019841
1 0.612351 0.404597 0.010913 0.018849
1 0.589162 0.416667 0.009177 0.007937
1 0.630952 0.418981 0.008929 0.021825
1 0.650422 0.416171 0.006200 0.017526
1 0.654142 0.419147 0.010169 0.014220
1 0.663566 0.423776 0.007688 0.013558
1 0.572545 0.415509 0.009177 0.013558
1 0.542907 0.389881 0.003472 0.011905
1 0.551959 0.345569 0.002728 0.005952
1 0.549231 0.344907 0.002232 0.005291
1 0.568700 0.413029 0.006448 0.017857
1 0.572793 0.402447 0.005208 0.015212
1 0.568328 0.400463 0.005208 0.009921
