1 0.454613 0.713459 0.036210 0.110780
1 0.523562 0.644180 0.028274 0.088624
1 0.588418 0.528604 0.020089 0.041336
1 0.586434 0.499835 0.017609 0.037368
1 0.543775 0.474206 0.012153 0.036376
1 0.582837 0.465608 0.011409 0.033730
1 0.572049 0.445271 0.009673 0.031415
1 0.566592 0.419974 0.007192 0.024471
1 0.575149 0.416171 0.007440 0.022156
1 0.532986 0.401786 0.007937 0.017857
1 0.659970 0.410880 0.007937 0.023479
1 0.650670 0.433036 0.008681 0.008929
1 0.656622 0.429729 0.009673 0.012897
1 0.672371 0.441303 0.009425 0.030754
1 0.680060 0.448082 0.010417 0.022487
1 0.699653 0.477183 0.016865 0.042989
1 0.708829 0.467262 0.011905 0.033730
1 0.682912 0.438823 0.013145 0.013228
1 0.647569 0.380126 0.005952 0.016865
1 0.693204 0.380291 0.006448 0.005952
1 0.541791 0.375496 0.004712 0.007606
0 0.519593 0.529431 0.052083 0.099868
0 0.677455 0.487269 0.037946 0.057870
0 0.655134 0.457507 0.030506 0.041997
0 0.545883 0.420139 0.017361 0.021495
0 0.555928 0.412698 0.014137 0.020503
0 0.545263 0.397487 0.021081 0.029101
0 0.550719 0.389054 0.016617 0.023479
0 0.568576 0.393353 0.016617 0.032738
0 0.559028 0.372354 0.009921 0.012566
0 0.547495 0.374173 0.011161 0.009590
0 0.552207 0.348545 0.005704 0.007275
0 0.561632 0.361938 0.006200 0.009590
0 0.704985 0.428902 0.032986 0.055556
0 0.720114 0.442791 0.014633 0.034392
0 0.684028 0.391534 0.029762 0.022487
2 0.607887 0.388724 0.068948 0.057209
2 0.571925 0.366402 0.017361 0.037698
3 0.548611 0.363426 0.011409 0.019841
3 0.591766 0.349537 0.010417 0.015873
3 0.573909 0.344081 0.008433 0.008267
3 0.561012 0.342758 0.009921 0.010913
3 0.568576 0.341931 0.006696 0.009921
0 0.599702 0.360780 0.010913 0.012566
3 0.783358 0.521164 0.147569 0.134259
3 0.769469 0.448247 0.088542 0.057870
3 0.662202 0.730985 0.171131 0.381944
3 0.935392 0.662864 0.129216 0.282738
