1 0.633185 0.938161 0.057044 0.123677
1 0.584201 0.724702 0.035466 0.114749
1 0.557788 0.495701 0.014385 0.043651
1 0.594494 0.490906 0.014385 0.041336
1 0.524306 0.447421 0.011409 0.029762
1 0.587798 0.432374 0.009921 0.026786
1 0.668899 0.444610 0.011905 0.022817
1 0.666791 0.461971 0.012153 0.033069
1 0.684400 0.456680 0.013145 0.025794
1 0.715898 0.569114 0.021577 0.064815
1 0.743924 0.546627 0.023065 0.048942
1 0.737227 0.520833 0.019593 0.048280
1 0.744048 0.508267 0.016865 0.042989
1 0.746652 0.494544 0.020089 0.043320
1 0.705357 0.483135 0.014385 0.042328
1 0.697917 0.470734 0.012401 0.034722
1 0.673983 0.395007 0.013145 0.019511
1 0.649182 0.394511 0.006696 0.020503
1 0.599330 0.378307 0.005704 0.017196
1 0.590898 0.403604 0.004216 0.022817
1 0.647569 0.377480 0.005456 0.015542
1 0.608011 0.379299 0.004216 0.011905
1 0.542411 0.373016 0.005456 0.007275
0 0.771205 0.616898 0.085565 0.121362
0 0.684028 0.495040 0.046131 0.058201
0 0.538690 0.462963 0.024306 0.035053
0 0.575645 0.455192 0.023313 0.034061
0 0.538194 0.404101 0.018849 0.034392
0 0.541667 0.393684 0.017361 0.028108
0 0.612475 0.393353 0.020089 0.024140
0 0.638269 0.395503 0.017609 0.033069
0 0.670759 0.392030 0.028522 0.021495
0 0.606399 0.375992 0.009921 0.016534
0 0.546627 0.373843 0.010913 0.013558
0 0.556796 0.352513 0.006448 0.007937
0 0.556796 0.372024 0.003472 0.007937
0 0.558160 0.365410 0.002728 0.005952
0 0.561012 0.367725 0.003472 0.011243
0 0.555928 0.344246 0.007688 0.007937
0 0.548859 0.344577 0.005952 0.009259
2 0.569940 0.396825 0.042659 0.062831
2 0.571429 0.359127 0.019345 0.025132
3 0.838294 0.551918 0.171627 0.165344
3 0.765873 0.458664 0.085813 0.081349
3 0.620908 0.376653 0.023065 0.036376
3 0.605655 0.353836 0.013889 0.015873
3 0.546875 0.361607 0.012401 0.018188
3 0.582713 0.344742 0.013641 0.014220
3 0.573165 0.341104 0.009921 0.010913
3 0.566840 0.339616 0.008185 0.010582
0 0.705109 0.425099 0.032242 0.048611
0 0.720238 0.442460 0.017361 0.039021
