1 0.520709 0.747189 0.034474 0.122685
1 0.616071 0.758598 0.037698 0.115079
1 0.479167 0.583168 0.023313 0.064484
0 0.587550 0.543155 0.037202 0.061839
0 0.521949 0.549603 0.039435 0.062169
1 0.601935 0.484623 0.012401 0.041336
1 0.830605 0.755456 0.049107 0.122024
1 0.896949 0.734788 0.058780 0.138228
1 0.765005 0.595403 0.034474 0.077712
1 0.744048 0.529101 0.020833 0.056217
1 0.679439 0.487103 0.014137 0.044312
1 0.684152 0.471396 0.012153 0.037368
1 0.698413 0.479497 0.014385 0.033730
1 0.710441 0.496197 0.010169 0.028770
1 0.715030 0.493386 0.017361 0.038360
1 0.664683 0.411541 0.008929 0.023479
0 0.642981 0.406746 0.021577 0.037037
0 0.618552 0.399306 0.021329 0.025463
0 0.668279 0.393849 0.028026 0.021825
0 0.538070 0.412202 0.018601 0.038690
0 0.540799 0.400298 0.016617 0.028770
0 0.543899 0.380952 0.010417 0.010582
0 0.550347 0.393684 0.005456 0.016204
0 0.546379 0.373843 0.010417 0.010913
0 0.547247 0.362103 0.012649 0.017857
0 0.555060 0.357970 0.006448 0.009590
0 0.555804 0.376323 0.012401 0.023148
2 0.570685 0.409226 0.034226 0.071098
2 0.570561 0.362765 0.019593 0.027778
0 0.581845 0.371197 0.003968 0.018849
0 0.554812 0.347222 0.005456 0.009259
0 0.607763 0.376157 0.010665 0.023479
0 0.605159 0.369048 0.012401 0.019180
3 0.618552 0.357639 0.019841 0.012235
3 0.622644 0.381614 0.023065 0.037698
3 0.589410 0.348380 0.009177 0.013558
0 0.564484 0.347388 0.005456 0.007606
3 0.578993 0.342923 0.009177 0.011243
3 0.568328 0.340774 0.010169 0.010913
