2 0.592510 0.471726 0.060516 0.132606
0 0.531870 0.469742 0.032986 0.068452
0 0.539062 0.427083 0.023562 0.043981
0 0.560392 0.443452 0.014633 0.048280
0 0.565848 0.410549 0.019593 0.028108
0 0.551215 0.385086 0.015129 0.030093
2 0.569072 0.380622 0.026538 0.056217
0 0.542907 0.382937 0.004960 0.015212
3 0.549479 0.363922 0.013145 0.021495
0 0.641865 0.420470 0.025794 0.036706
0 0.614955 0.380622 0.014137 0.034392
3 0.634425 0.391534 0.033234 0.044312
3 0.637897 0.372354 0.024306 0.025794
3 0.597098 0.353505 0.011161 0.017196
3 0.570685 0.340278 0.009921 0.010582
3 0.562004 0.339947 0.007440 0.011243
3 0.590278 0.347057 0.010417 0.014220
0 0.561632 0.352844 0.006200 0.009921
0 0.550967 0.346230 0.006696 0.006614
1 0.602183 0.379464 0.005456 0.014881
1 0.672371 0.399636 0.007440 0.020833
1 0.664435 0.397487 0.012401 0.020503
0 0.669271 0.393353 0.028026 0.020833
1 0.658978 0.392361 0.010913 0.019511
1 0.688988 0.392361 0.012401 0.021495
0 0.674479 0.449074 0.036954 0.057540
0 0.707837 0.429067 0.033730 0.055225
0 0.722346 0.444279 0.014137 0.044643
1 0.712178 0.542328 0.023562 0.059524
1 0.737599 0.532738 0.021329 0.054894
1 0.753968 0.514385 0.019345 0.052579
1 0.776662 0.566138 0.026042 0.072751
1 0.799603 0.618221 0.030258 0.080357
1 0.741691 0.580522 0.025546 0.063161
1 0.746776 0.618552 0.029762 0.079696
1 0.845858 0.676587 0.041915 0.103836
1 0.871032 0.718089 0.050595 0.096230
0 0.921751 0.879299 0.156498 0.241402
3 0.904638 0.613922 0.190724 0.231151
3 0.769221 0.465112 0.087054 0.093585
1 0.650918 0.379630 0.004216 0.022487
