0 0.579365 0.637731 0.063988 0.164352
0 0.515253 0.538525 0.038442 0.060516
2 0.571801 0.392030 0.030010 0.077712
0 0.550471 0.386078 0.017609 0.031415
0 0.639757 0.408730 0.024554 0.042989
0 0.551215 0.367560 0.014137 0.010251
3 0.551463 0.357308 0.013641 0.018188
0 0.566096 0.350860 0.007688 0.009259
0 0.575893 0.348876 0.007440 0.008598
0 0.570064 0.341270 0.006696 0.009259
0 0.625992 0.394511 0.020337 0.039683
3 0.643973 0.376323 0.022569 0.033069
0 0.663194 0.387566 0.022817 0.015212
3 0.615203 0.362269 0.016617 0.028108
3 0.606647 0.350860 0.012897 0.019841
3 0.573289 0.334491 0.009177 0.008267
3 0.564856 0.334821 0.008185 0.009590
0 0.593998 0.347222 0.005952 0.011243
1 0.829117 0.657407 0.035218 0.093915
1 0.859127 0.707672 0.040675 0.120370
1 0.919643 0.819444 0.074405 0.154762
1 0.701389 0.966270 0.064484 0.067460
0 0.786954 0.563823 0.097718 0.136905
0 0.712550 0.507275 0.062004 0.078042
3 0.771701 0.460317 0.087550 0.094577
3 0.677827 0.433532 0.058036 0.078042
0 0.711930 0.420800 0.031002 0.059854
0 0.727183 0.439319 0.018353 0.041997
1 0.596850 0.404431 0.007688 0.022487
1 0.604663 0.374504 0.004960 0.014220
1 0.558408 0.343585 0.002232 0.007275
1 0.560764 0.344907 0.002976 0.006614
1 0.681548 0.387731 0.015873 0.013558
1 0.661334 0.378638 0.006696 0.009259
1 0.695188 0.387235 0.018353 0.019841
