1 0.917659 0.796007 0.085317 0.131696
1 0.329365 0.702133 0.074735 0.097718
1 0.158730 0.760293 0.099206 0.122768
1 0.282573 0.664062 0.047288 0.091518
1 0.294478 0.614459 0.048611 0.065228
1 0.356647 0.554688 0.036706 0.066220
1 0.408069 0.546131 0.032407 0.053075
1 0.500661 0.561136 0.034392 0.059772
1 0.634590 0.565104 0.035053 0.052827
1 0.565807 0.550967 0.039021 0.063740
1 0.607474 0.519841 0.033069 0.045139
1 0.502811 0.514757 0.036045 0.045883
1 0.392692 0.498884 0.023479 0.039435
1 0.405258 0.485739 0.029431 0.035466
1 0.448413 0.504836 0.029762 0.043403
1 0.499835 0.473338 0.020172 0.037946
1 0.545635 0.469246 0.023148 0.032738
1 0.542989 0.502108 0.027116 0.038938
1 0.575562 0.482391 0.020833 0.040179
1 0.604663 0.497396 0.023479 0.035466
1 0.589120 0.464410 0.024802 0.037450
1 0.570271 0.440104 0.018188 0.024058
1 0.471065 0.444940 0.015542 0.026786
1 0.483300 0.435268 0.014220 0.024802
0 0.640046 0.772817 0.151124 0.146329
0 0.621858 0.616567 0.104167 0.079365
0 0.509590 0.629340 0.108466 0.134673
0 0.411376 0.597966 0.089286 0.074901
0 0.421131 0.447421 0.038690 0.031746
0 0.440807 0.420883 0.037037 0.029266
0 0.525628 0.443328 0.043981 0.033978
0 0.580688 0.424851 0.035053 0.026290
0 0.564484 0.405506 0.031085 0.024802
0 0.502811 0.425347 0.041336 0.028274
