1 0.388228 0.804812 0.069444 0.128472
1 0.636905 0.878968 0.094577 0.149306
1 0.510251 0.741939 0.067460 0.102927
1 0.784392 0.749256 0.082011 0.109127
1 0.919643 0.797991 0.092593 0.122768
1 0.642857 0.609995 0.039021 0.058780
1 0.497851 0.616443 0.045304 0.066220
1 0.594907 0.550719 0.030423 0.045387
1 0.455026 0.557912 0.031746 0.045387
1 0.375331 0.541419 0.023148 0.041667
1 0.418485 0.543775 0.032738 0.043899
1 0.448743 0.524182 0.021164 0.041419
1 0.491898 0.538194 0.022156 0.041171
0 0.535053 0.556176 0.064153 0.064236
0 0.586475 0.648065 0.108796 0.090774
0 0.384755 0.601190 0.085648 0.082837
0 0.405093 0.500496 0.051587 0.052083
0 0.577050 0.462302 0.038360 0.027282
0 0.485284 0.460069 0.036045 0.023810
0 0.555390 0.434772 0.029431 0.019841
1 0.631779 0.586806 0.040013 0.047619
1 0.602017 0.504464 0.020172 0.034226
1 0.467758 0.488219 0.018188 0.030506
1 0.429233 0.478795 0.019180 0.029514
1 0.525628 0.490823 0.019511 0.027778
1 0.552249 0.522073 0.023810 0.041171
1 0.558201 0.494792 0.020503 0.031250
